# log likelihood values for the three models given below.
# for the good model, ln(L) = -35.52
# for the bad model, ln(L) = -168.97
# for the worse model, ln(L) = -inf
#  lam  flam  ferr  flam_good  flam_bad  flam_worse
10050.000  6.720e-15  6.720e-16  6.618e-15  6.048e-15  5.265e-15
10060.000  6.784e-15  6.784e-16  6.578e-15  6.048e-15  5.392e-15
10070.000  6.212e-15  6.212e-16  6.579e-15  6.047e-15  5.228e-15
10080.000  6.445e-15  6.445e-16  6.575e-15  6.065e-15  5.033e-15
10090.000  6.645e-15  6.645e-16  6.600e-15  6.077e-15  5.269e-15
10100.000  6.765e-15  6.765e-16  6.621e-15  6.075e-15  5.459e-15
10110.000  6.590e-15  6.590e-16  6.612e-15  6.100e-15  5.467e-15
10120.000  6.138e-15  6.138e-16  6.640e-15  6.105e-15  5.306e-15
10130.000  6.725e-15  6.725e-16  6.651e-15  6.092e-15  5.146e-15
10140.000  6.807e-15  6.807e-16  6.637e-15  6.061e-15  5.220e-15
10150.000  6.560e-15  6.560e-16  6.590e-15  5.997e-15  5.485e-15
10160.000  6.293e-15  6.293e-16  6.501e-15  5.996e-15  5.687e-15
10170.000  6.598e-15  6.598e-16  6.499e-15  6.057e-15  5.618e-15
10180.000  6.421e-15  6.421e-16  6.583e-15  6.064e-15  5.432e-15
10190.000  6.489e-15  6.489e-16  6.603e-15  6.069e-15  5.356e-15
10200.000  6.803e-15  6.803e-16  6.606e-15  6.058e-15  5.468e-15
10210.000  6.791e-15  6.791e-16  6.594e-15  6.026e-15  5.371e-15
10220.000  6.663e-15  6.663e-16  6.544e-15  6.034e-15  5.094e-15
10230.000  6.462e-15  6.462e-16  6.552e-15  6.059e-15  5.278e-15
10240.000  6.695e-15  6.695e-16  6.590e-15  6.041e-15  5.618e-15
10250.000  6.657e-15  6.657e-16  6.575e-15  5.978e-15  5.730e-15
10260.000  6.348e-15  6.348e-16  6.477e-15  5.995e-15  5.748e-15
10270.000  6.388e-15  6.388e-16  6.496e-15  6.033e-15  5.653e-15
10280.000  6.729e-15  6.729e-16  6.555e-15  6.043e-15  5.500e-15
10290.000  6.449e-15  6.449e-16  6.569e-15  6.022e-15  5.481e-15
10300.000  6.747e-15  6.747e-16  6.546e-15  5.982e-15  5.498e-15
10310.000  6.599e-15  6.599e-16  6.492e-15  5.960e-15  5.537e-15
10320.000  6.355e-15  6.355e-16  6.455e-15  5.986e-15  5.576e-15
10330.000  6.645e-15  6.645e-16  6.490e-15  6.039e-15  5.561e-15
10340.000  6.737e-15  6.737e-16  6.564e-15  6.039e-15  5.449e-15
10350.000  6.436e-15  6.436e-16  6.565e-15  6.009e-15  5.296e-15
10360.000  6.605e-15  6.605e-16  6.527e-15  5.979e-15  5.230e-15
10370.000  6.378e-15  6.378e-16  6.482e-15  5.988e-15  5.257e-15
10380.000  6.472e-15  6.472e-16  6.490e-15  5.998e-15  5.278e-15
10390.000  6.537e-15  6.537e-16  6.513e-15  5.950e-15  5.250e-15
10400.000  6.478e-15  6.478e-16  6.448e-15  5.918e-15  5.251e-15
10410.000  6.572e-15  6.572e-16  6.399e-15  5.963e-15  5.345e-15
10420.000  6.530e-15  6.530e-16  6.460e-15  6.004e-15  5.457e-15
10430.000  6.451e-15  6.451e-16  6.518e-15  6.006e-15  5.488e-15
10440.000  6.534e-15  6.534e-16  6.522e-15  5.995e-15  5.444e-15
10450.000  6.502e-15  6.502e-16  6.512e-15  5.971e-15  5.336e-15
10460.000  6.369e-15  6.369e-16  6.473e-15  5.955e-15  5.260e-15
10470.000  6.399e-15  6.399e-16  6.448e-15  5.962e-15  5.246e-15
10480.000  6.694e-15  6.694e-16  6.454e-15  5.963e-15  5.294e-15
10490.000  6.641e-15  6.641e-16  6.456e-15  5.964e-15  5.337e-15
10500.000  6.479e-15  6.479e-16  6.461e-15  5.968e-15  5.379e-15
10510.000  6.078e-15  6.078e-16  6.468e-15  5.955e-15  5.449e-15
10520.000  6.652e-15  6.652e-16  6.451e-15  5.911e-15  5.441e-15
10530.000  6.589e-15  6.589e-16  6.400e-15  5.862e-15  5.385e-15
10540.000  6.161e-15  6.161e-16  6.320e-15  5.832e-15  5.404e-15
10550.000  6.114e-15  6.114e-16  6.284e-15  5.839e-15  5.459e-15
10560.000  6.153e-15  6.153e-16  6.289e-15  5.849e-15  5.449e-15
10570.000  6.792e-15  6.792e-16  6.302e-15  5.844e-15  5.400e-15
10580.000  6.224e-15  6.224e-16  6.294e-15  5.845e-15  5.396e-15
10590.000  6.089e-15  6.089e-16  6.293e-15  5.870e-15  5.454e-15
10600.000  6.251e-15  6.251e-16  6.322e-15  5.888e-15  5.534e-15
10610.000  6.399e-15  6.399e-16  6.354e-15  5.887e-15  5.565e-15
10620.000  6.470e-15  6.470e-16  6.357e-15  5.865e-15  5.552e-15
10630.000  6.434e-15  6.434e-16  6.324e-15  5.824e-15  5.515e-15
10640.000  6.497e-15  6.497e-16  6.276e-15  5.800e-15  5.493e-15
10650.000  6.131e-15  6.131e-16  6.234e-15  5.796e-15  5.491e-15
10660.000  6.033e-15  6.033e-16  6.224e-15  5.800e-15  5.476e-15
10670.000  6.342e-15  6.342e-16  6.236e-15  5.796e-15  5.444e-15
10680.000  6.192e-15  6.192e-16  6.238e-15  5.808e-15  5.418e-15
10690.000  6.160e-15  6.160e-16  6.252e-15  5.831e-15  5.423e-15
10700.000  6.690e-15  6.690e-16  6.279e-15  5.825e-15  5.501e-15
10710.000  6.264e-15  6.264e-16  6.278e-15  5.794e-15  5.593e-15
10720.000  6.301e-15  6.301e-16  6.240e-15  5.770e-15  5.635e-15
10730.000  6.395e-15  6.395e-16  6.211e-15  5.784e-15  5.586e-15
10740.000  5.923e-15  5.923e-16  6.225e-15  5.802e-15  5.486e-15
10750.000  6.120e-15  6.120e-16  6.245e-15  5.800e-15  5.469e-15
10760.000  6.613e-15  6.613e-16  6.237e-15  5.793e-15  5.556e-15
10770.000  6.246e-15  6.246e-16  6.225e-15  5.803e-15  5.720e-15
10780.000  5.926e-15  5.926e-16  6.236e-15  5.822e-15  5.714e-15
10790.000  6.274e-15  6.274e-16  6.261e-15  5.831e-15  5.566e-15
10800.000  6.362e-15  6.362e-16  6.276e-15  5.821e-15  5.712e-15
10810.000  6.538e-15  6.538e-16  6.267e-15  5.806e-15  5.971e-15
10820.000  6.024e-15  6.024e-16  6.244e-15  5.794e-15  5.708e-15
10830.000  6.267e-15  6.267e-16  6.226e-15  5.799e-15  5.443e-15
10840.000  6.411e-15  6.411e-16  6.229e-15  5.819e-15  5.812e-15
10850.000  6.034e-15  6.034e-16  6.242e-15  5.836e-15  6.207e-15
10860.000  6.282e-15  6.282e-16  6.256e-15  5.857e-15  5.999e-15
10870.000  6.602e-15  6.602e-16  6.268e-15  5.895e-15  5.496e-15
10880.000  6.295e-15  6.295e-16  6.292e-15  5.962e-15  5.684e-15
10890.000  6.164e-15  6.164e-16  6.357e-15  6.062e-15  6.352e-15
10900.000  6.402e-15  6.402e-16  6.460e-15  6.128e-15  6.792e-15
10910.000  6.766e-15  6.766e-16  6.531e-15  6.184e-15  6.745e-15
10920.000  6.660e-15  6.660e-16  6.591e-15  6.182e-15  6.331e-15
10930.000  6.424e-15  6.424e-16  6.578e-15  6.200e-15  5.768e-15
10940.000  6.528e-15  6.528e-16  6.579e-15  6.264e-15  5.922e-15
10950.000  6.860e-15  6.860e-16  6.640e-15  6.386e-15  6.677e-15
10960.000  6.630e-15  6.630e-16  6.735e-15  6.590e-15  7.374e-15
10970.000  7.233e-15  7.233e-16  6.945e-15  6.559e-15  7.623e-15
10980.000  6.999e-15  6.999e-16  6.951e-15  6.478e-15  7.523e-15
10990.000  6.478e-15  6.478e-16  6.848e-15  6.835e-15  7.105e-15
11000.000  7.371e-15  7.371e-16  7.165e-15  6.982e-15  6.423e-15
11010.000  7.400e-15  7.400e-16  7.437e-15  6.572e-15  5.753e-15
11020.000  6.985e-15  6.985e-16  7.012e-15  6.507e-15  5.981e-15
11030.000  6.557e-15  6.557e-16  6.854e-15  7.175e-15  6.768e-15
11040.000  7.573e-15  7.573e-16  7.456e-15  7.586e-15  7.536e-15
11050.000  8.491e-15  8.491e-16  8.029e-15  7.150e-15  7.870e-15
11060.000  7.743e-15  7.743e-16  7.597e-15  6.438e-15  7.996e-15
11070.000  6.080e-15  6.080e-16  6.880e-15  6.758e-15  7.969e-15
11080.000  7.015e-15  7.015e-16  6.993e-15  7.711e-15  7.802e-15
11090.000  8.356e-15  8.356e-16  8.030e-15  8.278e-15  7.484e-15
11100.000  8.823e-15  8.823e-16  8.634e-15  8.160e-15  6.858e-15
11110.000  8.925e-15  8.925e-16  8.603e-15  7.410e-15  6.075e-15
11120.000  8.173e-15  8.173e-16  7.944e-15  6.570e-15  5.421e-15
11130.000  6.473e-15  6.473e-16  6.942e-15  6.674e-15  5.704e-15
11140.000  6.450e-15  6.450e-16  7.021e-15  7.833e-15  6.687e-15
11150.000  8.210e-15  8.210e-16  8.095e-15  8.682e-15  7.487e-15
11160.000  9.479e-15  9.479e-16  9.083e-15  9.088e-15  7.999e-15
11170.000  9.744e-15  9.744e-16  9.574e-15  8.971e-15  8.205e-15
11180.000  9.706e-15  9.706e-16  9.515e-15  8.489e-15  8.270e-15
11190.000  9.251e-15  9.251e-16  9.001e-15  7.383e-15  8.268e-15
11200.000  8.137e-15  8.137e-16  7.921e-15  6.502e-15  8.334e-15
11210.000  6.567e-15  6.567e-16  6.886e-15  6.649e-15  8.387e-15
11220.000  6.021e-15  6.021e-16  6.864e-15  7.676e-15  8.286e-15
11230.000  8.270e-15  8.270e-16  7.921e-15  8.764e-15  8.073e-15
11240.000  9.292e-15  9.292e-16  9.102e-15  9.239e-15  7.801e-15
11250.000  9.538e-15  9.538e-16  9.698e-15  9.455e-15  7.422e-15
11260.000  1.020e-14  1.020e-15  9.949e-15  9.466e-15  6.699e-15
11270.000  1.012e-14  1.012e-15  9.963e-15  9.327e-15  5.888e-15
11280.000  9.945e-15  9.945e-16  9.831e-15  9.065e-15  5.595e-15
11290.000  9.721e-15  9.721e-16  9.576e-15  8.438e-15  6.200e-15
11300.000  9.377e-15  9.377e-16  8.964e-15  7.470e-15  7.060e-15
11310.000  7.978e-15  7.978e-16  7.960e-15  6.307e-15  7.633e-15
11320.000  6.366e-15  6.366e-16  6.762e-15  6.349e-15  7.968e-15
11330.000  5.858e-15  5.858e-16  6.518e-15  7.472e-15  8.196e-15
11340.000  7.635e-15  7.635e-16  7.661e-15  8.671e-15  8.392e-15
11350.000  8.921e-15  8.921e-16  8.830e-15  9.300e-15  8.423e-15
11360.000  1.007e-14  1.007e-15  9.681e-15  9.632e-15  8.367e-15
11370.000  1.008e-14  1.008e-15  1.008e-14  9.743e-15  8.298e-15
11380.000  1.045e-14  1.045e-15  1.023e-14  9.788e-15  8.118e-15
11390.000  1.032e-14  1.032e-15  1.027e-14  9.821e-15  7.637e-15
11400.000  1.030e-14  1.030e-15  1.031e-14  9.855e-15  6.710e-15
11410.000  1.039e-14  1.039e-15  1.035e-14  9.816e-15  6.552e-15
11420.000  1.049e-14  1.049e-15  1.032e-14  9.667e-15  7.296e-15
11430.000  1.020e-14  1.020e-15  1.017e-14  9.449e-15  8.048e-15
11440.000  9.988e-15  9.988e-16  9.928e-15  9.046e-15  8.303e-15
11450.000  9.853e-15  9.853e-16  9.516e-15  8.385e-15  8.336e-15
11460.000  8.964e-15  8.964e-16  8.911e-15  7.205e-15  8.265e-15
11470.000  7.768e-15  7.768e-16  7.708e-15  6.269e-15  8.098e-15
11480.000  6.047e-15  6.047e-16  6.712e-15  6.480e-15  7.696e-15
11490.000  6.353e-15  6.353e-16  6.746e-15  7.739e-15  6.799e-15
11500.000  8.085e-15  8.085e-16  7.767e-15  8.641e-15  5.409e-15
11510.000  8.902e-15  8.902e-16  8.948e-15  9.242e-15  4.604e-15
11520.000  9.569e-15  9.569e-16  9.538e-15  9.546e-15  5.293e-15
11530.000  1.011e-14  1.011e-15  9.938e-15  9.757e-15  6.488e-15
11540.000  1.070e-14  1.070e-15  1.017e-14  9.841e-15  7.467e-15
11550.000  1.021e-14  1.021e-15  1.030e-14  9.870e-15  7.972e-15
11560.000  1.028e-14  1.028e-15  1.033e-14  9.873e-15  8.254e-15
11570.000  1.008e-14  1.008e-15  1.032e-14  9.843e-15  8.408e-15
11580.000  1.051e-14  1.051e-15  1.029e-14  9.720e-15  8.463e-15
11590.000  1.040e-14  1.040e-15  1.018e-14  9.394e-15  8.453e-15
11600.000  9.534e-15  9.534e-16  9.797e-15  9.079e-15  8.477e-15
11610.000  9.335e-15  9.335e-16  9.387e-15  9.167e-15  8.525e-15
11620.000  9.276e-15  9.276e-16  9.398e-15  9.529e-15  8.571e-15
11630.000  9.925e-15  9.925e-16  9.827e-15  9.769e-15  8.615e-15
11640.000  1.025e-14  1.025e-15  1.018e-14  9.783e-15  8.641e-15
11650.000  1.035e-14  1.035e-15  1.022e-14  9.717e-15  8.650e-15
11660.000  1.025e-14  1.025e-15  1.016e-14  9.560e-15  8.630e-15
11670.000  1.015e-14  1.015e-15  1.003e-14  9.317e-15  8.587e-15
11680.000  9.867e-15  9.867e-16  9.773e-15  8.813e-15  8.548e-15
11690.000  9.398e-15  9.398e-16  9.349e-15  8.001e-15  8.537e-15
11700.000  8.933e-15  8.933e-16  8.428e-15  6.565e-15  8.606e-15
11710.000  6.891e-15  6.891e-16  7.156e-15  5.800e-15  8.677e-15
11720.000  5.079e-15  5.079e-16  5.941e-15  6.331e-15  8.651e-15
11730.000  5.774e-15  5.774e-16  6.288e-15  7.547e-15  8.580e-15
11740.000  8.079e-15  8.079e-16  7.661e-15  8.620e-15  8.607e-15
11750.000  9.029e-15  9.029e-16  8.766e-15  9.108e-15  8.663e-15
11760.000  9.522e-15  9.522e-16  9.447e-15  9.424e-15  8.671e-15
11770.000  9.995e-15  9.995e-16  9.761e-15  9.598e-15  8.646e-15
11780.000  1.007e-14  1.007e-15  9.977e-15  9.673e-15  8.584e-15
11790.000  9.983e-15  9.983e-16  1.008e-14  9.700e-15  8.549e-15
11800.000  1.014e-14  1.014e-15  1.010e-14  9.724e-15  8.551e-15
11810.000  1.004e-14  1.004e-15  1.013e-14  9.748e-15  8.527e-15
11820.000  1.009e-14  1.009e-15  1.016e-14  9.751e-15  8.471e-15
11830.000  1.049e-14  1.049e-15  1.017e-14  9.743e-15  8.449e-15
11840.000  1.028e-14  1.028e-15  1.016e-14  9.757e-15  8.414e-15
11850.000  1.023e-14  1.023e-15  1.017e-14  9.780e-15  8.301e-15
11860.000  1.007e-14  1.007e-15  1.019e-14  9.759e-15  8.043e-15
11870.000  1.009e-14  1.009e-15  1.018e-14  9.650e-15  7.616e-15
11880.000  1.020e-14  1.020e-15  1.010e-14  9.586e-15  6.762e-15
11890.000  1.008e-14  1.008e-15  9.998e-15  9.637e-15  6.030e-15
11900.000  9.760e-15  9.760e-16  1.002e-14  9.731e-15  6.018e-15
11910.000  1.019e-14  1.019e-15  1.012e-14  9.791e-15  6.830e-15
11920.000  1.036e-14  1.036e-15  1.019e-14  9.784e-15  7.545e-15
11930.000  1.041e-14  1.041e-15  1.019e-14  9.746e-15  8.023e-15
11940.000  1.041e-14  1.041e-15  1.015e-14  9.737e-15  8.228e-15
11950.000  9.763e-15  9.763e-16  1.012e-14  9.746e-15  8.352e-15
11960.000  1.006e-14  1.006e-15  1.014e-14  9.730e-15  8.425e-15
11970.000  1.039e-14  1.039e-15  1.013e-14  9.707e-15  8.433e-15
11980.000  9.925e-15  9.925e-16  1.011e-14  9.665e-15  8.413e-15
11990.000  1.012e-14  1.012e-15  1.006e-14  9.629e-15  8.457e-15
12000.000  1.010e-14  1.010e-15  1.001e-14  9.613e-15  8.512e-15
12010.000  1.000e-14  1.000e-15  9.991e-15  9.592e-15  8.496e-15
12020.000  1.007e-14  1.007e-15  9.970e-15  9.541e-15  8.471e-15
12030.000  9.866e-15  9.866e-16  9.923e-15  9.486e-15  8.497e-15
12040.000  9.666e-15  9.666e-16  9.857e-15  9.405e-15  8.507e-15
12050.000  9.783e-15  9.783e-16  9.792e-15  9.276e-15  8.508e-15
12060.000  1.000e-14  1.000e-15  9.662e-15  9.018e-15  8.549e-15
12070.000  9.374e-15  9.374e-16  9.448e-15  8.536e-15  8.597e-15
12080.000  9.205e-15  9.205e-16  9.019e-15  7.804e-15  8.589e-15
12090.000  8.466e-15  8.466e-16  8.363e-15  6.584e-15  8.508e-15
12100.000  7.540e-15  7.540e-16  7.160e-15  6.012e-15  8.418e-15
12110.000  5.477e-15  5.477e-16  6.340e-15  6.560e-15  8.389e-15
12120.000  6.291e-15  6.291e-16  6.586e-15  7.607e-15  8.431e-15
12130.000  7.885e-15  7.885e-16  7.605e-15  8.490e-15  8.474e-15
12140.000  8.716e-15  8.716e-16  8.632e-15  8.897e-15  8.477e-15
12150.000  9.149e-15  9.149e-16  9.128e-15  9.153e-15  8.477e-15
12160.000  9.691e-15  9.691e-16  9.437e-15  9.279e-15  8.468e-15
12170.000  9.672e-15  9.672e-16  9.599e-15  9.344e-15  8.380e-15
12180.000  9.542e-15  9.542e-16  9.674e-15  9.354e-15  8.313e-15
12190.000  9.776e-15  9.776e-16  9.689e-15  9.380e-15  8.331e-15
12200.000  9.744e-15  9.744e-16  9.701e-15  9.425e-15  8.396e-15
12210.000  9.903e-15  9.903e-16  9.750e-15  9.438e-15  8.418e-15
12220.000  9.313e-15  9.313e-16  9.778e-15  9.394e-15  8.400e-15
12230.000  1.016e-14  1.016e-15  9.733e-15  9.378e-15  8.390e-15
12240.000  9.721e-15  9.721e-16  9.707e-15  9.420e-15  8.371e-15
12250.000  9.681e-15  9.681e-16  9.739e-15  9.444e-15  8.286e-15
12260.000  9.583e-15  9.583e-16  9.767e-15  9.448e-15  8.253e-15
12270.000  9.764e-15  9.764e-16  9.769e-15  9.458e-15  8.299e-15
12280.000  9.838e-15  9.838e-16  9.780e-15  9.458e-15  8.315e-15
12290.000  1.004e-14  1.004e-15  9.788e-15  9.441e-15  8.334e-15
12300.000  9.671e-15  9.671e-16  9.775e-15  9.397e-15  8.352e-15
12310.000  9.893e-15  9.893e-16  9.729e-15  9.355e-15  8.312e-15
12320.000  9.643e-15  9.643e-16  9.674e-15  9.341e-15  8.254e-15
12330.000  9.511e-15  9.511e-16  9.643e-15  9.358e-15  8.265e-15
12340.000  9.738e-15  9.738e-16  9.656e-15  9.383e-15  8.302e-15
12350.000  9.451e-15  9.451e-16  9.685e-15  9.385e-15  8.313e-15
12360.000  9.860e-15  9.860e-16  9.691e-15  9.380e-15  8.342e-15
12370.000  9.770e-15  9.770e-16  9.684e-15  9.358e-15  8.356e-15
12380.000  9.732e-15  9.732e-16  9.667e-15  9.311e-15  8.272e-15
12390.000  9.745e-15  9.745e-16  9.620e-15  9.257e-15  8.198e-15
12400.000  9.418e-15  9.418e-16  9.547e-15  9.264e-15  8.224e-15
12410.000  9.747e-15  9.747e-16  9.540e-15  9.294e-15  8.256e-15
12420.000  9.547e-15  9.547e-16  9.573e-15  9.301e-15  8.219e-15
12430.000  9.391e-15  9.391e-16  9.589e-15  9.286e-15  8.133e-15
12440.000  9.615e-15  9.615e-16  9.574e-15  9.281e-15  8.048e-15
12450.000  9.538e-15  9.538e-16  9.562e-15  9.273e-15  7.993e-15
12460.000  9.707e-15  9.707e-16  9.554e-15  9.241e-15  7.890e-15
12470.000  9.434e-15  9.434e-16  9.522e-15  9.210e-15  7.714e-15
12480.000  9.388e-15  9.388e-16  9.473e-15  9.205e-15  7.652e-15
12490.000  9.588e-15  9.588e-16  9.469e-15  9.198e-15  7.634e-15
12500.000  9.492e-15  9.492e-16  9.466e-15  9.206e-15  7.689e-15
12510.000  9.445e-15  9.445e-16  9.466e-15  9.218e-15  7.879e-15
12520.000  9.421e-15  9.421e-16  9.483e-15  9.193e-15  8.043e-15
12530.000  9.370e-15  9.370e-16  9.465e-15  9.156e-15  8.009e-15
12540.000  9.609e-15  9.609e-16  9.419e-15  9.152e-15  7.858e-15
12550.000  9.327e-15  9.327e-16  9.401e-15  9.166e-15  7.715e-15
12560.000  9.476e-15  9.476e-16  9.415e-15  9.168e-15  7.448e-15
12570.000  9.531e-15  9.531e-16  9.422e-15  9.169e-15  6.768e-15
12580.000  9.081e-15  9.081e-16  9.421e-15  9.170e-15  5.987e-15
12590.000  9.668e-15  9.668e-16  9.428e-15  9.141e-15  5.781e-15
12600.000  9.476e-15  9.476e-16  9.408e-15  9.085e-15  6.421e-15
12610.000  9.211e-15  9.211e-16  9.337e-15  9.079e-15  7.180e-15
12620.000  9.776e-15  9.776e-16  9.314e-15  9.091e-15  7.605e-15
12630.000  8.982e-15  8.982e-16  9.328e-15  9.082e-15  7.879e-15
12640.000  9.539e-15  9.539e-16  9.326e-15  9.042e-15  8.060e-15
12650.000  9.421e-15  9.421e-16  9.286e-15  8.991e-15  8.176e-15
12660.000  9.272e-15  9.272e-16  9.229e-15  8.943e-15  8.209e-15
12670.000  8.871e-15  8.871e-16  9.170e-15  8.888e-15  8.198e-15
12680.000  9.279e-15  9.279e-16  9.127e-15  8.807e-15  8.174e-15
12690.000  9.366e-15  9.366e-16  9.031e-15  8.737e-15  8.182e-15
12700.000  8.446e-15  8.446e-16  8.944e-15  8.725e-15  8.183e-15
12710.000  9.315e-15  9.315e-16  8.907e-15  8.718e-15  8.110e-15
12720.000  8.547e-15  8.547e-16  8.899e-15  8.721e-15  8.102e-15
12730.000  9.041e-15  9.041e-16  8.900e-15  8.748e-15  8.155e-15
12740.000  8.934e-15  8.934e-16  8.936e-15  8.727e-15  8.176e-15
12750.000  9.044e-15  9.044e-16  8.951e-15  8.601e-15  8.178e-15
12760.000  9.147e-15  9.147e-16  8.850e-15  8.429e-15  8.188e-15
12770.000  8.573e-15  8.573e-16  8.681e-15  8.151e-15  8.190e-15
12780.000  8.388e-15  8.388e-16  8.434e-15  7.661e-15  8.218e-15
12790.000  8.247e-15  8.247e-16  8.027e-15  6.696e-15  8.250e-15
12800.000  7.240e-15  7.240e-16  7.150e-15  5.811e-15  8.219e-15
12810.000  5.991e-15  5.991e-16  6.184e-15  5.800e-15  8.195e-15
12820.000  5.503e-15  5.503e-16  5.846e-15  6.661e-15  8.235e-15
12830.000  6.243e-15  6.243e-16  6.585e-15  7.599e-15  8.237e-15
12840.000  7.733e-15  7.733e-16  7.597e-15  8.145e-15  8.209e-15
12850.000  8.298e-15  8.298e-16  8.179e-15  8.436e-15  8.186e-15
12860.000  8.798e-15  8.798e-16  8.563e-15  8.635e-15  8.184e-15
12870.000  8.838e-15  8.838e-16  8.772e-15  8.729e-15  8.189e-15
12880.000  8.643e-15  8.643e-16  8.913e-15  8.782e-15  8.149e-15
12890.000  9.443e-15  9.443e-16  8.975e-15  8.797e-15  8.132e-15
12900.000  8.922e-15  8.922e-16  8.996e-15  8.798e-15  8.156e-15
12910.000  8.778e-15  8.778e-16  8.995e-15  8.804e-15  8.155e-15
12920.000  9.091e-15  9.091e-16  8.997e-15  8.793e-15  8.134e-15
12930.000  9.001e-15  9.001e-16  9.000e-15  8.748e-15  8.129e-15
12940.000  9.276e-15  9.276e-16  8.952e-15  8.705e-15  8.131e-15
12950.000  8.659e-15  8.659e-16  8.905e-15  8.717e-15  8.116e-15
12960.000  9.026e-15  9.026e-16  8.905e-15  8.748e-15  8.108e-15
12970.000  8.869e-15  8.869e-16  8.932e-15  8.770e-15  8.146e-15
12980.000  9.116e-15  9.116e-16  8.951e-15  8.789e-15  8.162e-15
12990.000  8.946e-15  8.946e-16  8.968e-15  8.798e-15  8.115e-15
13000.000  8.866e-15  8.866e-16  8.977e-15  8.808e-15  8.093e-15
13010.000  8.780e-15  8.780e-16  8.986e-15  8.806e-15  8.134e-15
13020.000  9.058e-15  9.058e-16  8.995e-15  8.775e-15  8.158e-15
13030.000  8.870e-15  8.870e-16  8.968e-15  8.745e-15  8.166e-15
13040.000  9.165e-15  9.165e-16  8.930e-15  8.758e-15  8.178e-15
13050.000  8.875e-15  8.875e-16  8.930e-15  8.767e-15  8.183e-15
13060.000  9.100e-15  9.100e-16  8.945e-15  8.757e-15  8.208e-15
13070.000  8.952e-15  8.952e-16  8.933e-15  8.743e-15  8.235e-15
13080.000  8.955e-15  8.955e-16  8.916e-15  8.734e-15  8.241e-15
13090.000  8.894e-15  8.894e-16  8.901e-15  8.726e-15  8.216e-15
13100.000  8.789e-15  8.789e-16  8.896e-15  8.703e-15  8.177e-15
13110.000  8.957e-15  8.957e-16  8.875e-15  8.675e-15  8.142e-15
13120.000  8.806e-15  8.806e-16  8.842e-15  8.681e-15  8.098e-15
13130.000  8.981e-15  8.981e-16  8.837e-15  8.683e-15  8.050e-15
13140.000  9.054e-15  9.054e-16  8.845e-15  8.672e-15  8.000e-15
13150.000  8.620e-15  8.620e-16  8.832e-15  8.666e-15  8.006e-15
13160.000  8.549e-15  8.549e-16  8.822e-15  8.658e-15  8.061e-15
13170.000  8.926e-15  8.926e-16  8.815e-15  8.620e-15  8.086e-15
13180.000  9.175e-15  9.175e-16  8.788e-15  8.521e-15  8.055e-15
13190.000  8.613e-15  8.613e-16  8.724e-15  8.437e-15  8.007e-15
13200.000  8.603e-15  8.603e-16  8.627e-15  8.465e-15  7.988e-15
13210.000  8.531e-15  8.531e-16  8.626e-15  8.500e-15  8.031e-15
13220.000  8.884e-15  8.884e-16  8.661e-15  8.508e-15  8.079e-15
13230.000  8.664e-15  8.664e-16  8.655e-15  8.549e-15  8.088e-15
13240.000  8.667e-15  8.667e-16  8.680e-15  8.594e-15  8.076e-15
13250.000  8.646e-15  8.646e-16  8.727e-15  8.598e-15  8.056e-15
13260.000  8.883e-15  8.883e-16  8.743e-15  8.602e-15  8.041e-15
13270.000  8.816e-15  8.816e-16  8.746e-15  8.597e-15  8.054e-15
13280.000  8.827e-15  8.827e-16  8.744e-15  8.587e-15  8.047e-15
13290.000  8.542e-15  8.542e-16  8.734e-15  8.591e-15  8.025e-15
13300.000  8.730e-15  8.730e-16  8.735e-15  8.593e-15  8.031e-15
13310.000  8.808e-15  8.808e-16  8.741e-15  8.583e-15  8.048e-15
13320.000  9.127e-15  9.127e-16  8.736e-15  8.562e-15  8.073e-15
13330.000  8.425e-15  8.425e-16  8.716e-15  8.530e-15  8.090e-15
13340.000  8.450e-15  8.450e-16  8.681e-15  8.505e-15  8.071e-15
13350.000  8.886e-15  8.886e-16  8.646e-15  8.486e-15  8.052e-15
13360.000  8.615e-15  8.615e-16  8.622e-15  8.467e-15  8.068e-15
13370.000  8.834e-15  8.834e-16  8.597e-15  8.444e-15  8.075e-15
13380.000  8.490e-15  8.490e-16  8.569e-15  8.453e-15  8.055e-15
13390.000  8.437e-15  8.437e-16  8.565e-15  8.465e-15  8.031e-15
13400.000  8.728e-15  8.728e-16  8.584e-15  8.452e-15  8.031e-15
13410.000  8.650e-15  8.650e-16  8.581e-15  8.419e-15  8.034e-15
13420.000  8.688e-15  8.688e-16  8.554e-15  8.390e-15  8.015e-15
13430.000  8.369e-15  8.369e-16  8.513e-15  8.385e-15  8.006e-15
13440.000  8.239e-15  8.239e-16  8.493e-15  8.407e-15  8.014e-15
13450.000  8.910e-15  8.910e-16  8.513e-15  8.420e-15  8.032e-15
13460.000  8.570e-15  8.570e-16  8.532e-15  8.418e-15  8.038e-15
13470.000  8.611e-15  8.611e-16  8.536e-15  8.413e-15  8.022e-15
13480.000  8.463e-15  8.463e-16  8.530e-15  8.398e-15  8.004e-15
13490.000  8.647e-15  8.647e-16  8.516e-15  8.385e-15  8.003e-15
13500.000  8.248e-15  8.248e-16  8.497e-15  8.390e-15  8.004e-15
13510.000  8.474e-15  8.474e-16  8.495e-15  8.374e-15  8.016e-15
13520.000  8.643e-15  8.643e-16  8.493e-15  8.344e-15  8.003e-15
13530.000  8.535e-15  8.535e-16  8.459e-15  8.339e-15  7.957e-15
13540.000  8.447e-15  8.447e-16  8.444e-15  8.353e-15  7.926e-15
13550.000  8.485e-15  8.485e-16  8.452e-15  8.364e-15  7.942e-15
13560.000  8.212e-15  8.212e-16  8.466e-15  8.370e-15  7.947e-15
13570.000  8.689e-15  8.689e-16  8.476e-15  8.359e-15  7.912e-15
13580.000  8.553e-15  8.553e-16  8.467e-15  8.343e-15  7.876e-15
13590.000  8.521e-15  8.521e-16  8.448e-15  8.341e-15  7.879e-15
13600.000  8.245e-15  8.245e-16  8.440e-15  8.337e-15  7.929e-15
13610.000  8.594e-15  8.594e-16  8.439e-15  8.317e-15  7.968e-15
13620.000  8.512e-15  8.512e-16  8.423e-15  8.295e-15  7.974e-15
13630.000  8.452e-15  8.452e-16  8.398e-15  8.285e-15  7.939e-15
13640.000  8.073e-15  8.073e-16  8.379e-15  8.280e-15  7.907e-15
13650.000  8.303e-15  8.303e-16  8.375e-15  8.262e-15  7.905e-15
13660.000  8.457e-15  8.457e-16  8.361e-15  8.247e-15  7.922e-15
13670.000  8.316e-15  8.316e-16  8.341e-15  8.250e-15  7.944e-15
13680.000  8.613e-15  8.613e-16  8.336e-15  8.258e-15  7.960e-15
13690.000  8.300e-15  8.300e-16  8.342e-15  8.261e-15  7.958e-15
13700.000  8.250e-15  8.250e-16  8.349e-15  8.253e-15  7.938e-15
13710.000  8.743e-15  8.743e-16  8.344e-15  8.238e-15  7.912e-15
13720.000  8.114e-15  8.114e-16  8.326e-15  8.232e-15  7.906e-15
13730.000  8.374e-15  8.374e-16  8.315e-15  8.224e-15  7.913e-15
13740.000  8.209e-15  8.209e-16  8.307e-15  8.218e-15  7.926e-15
13750.000  8.383e-15  8.383e-16  8.300e-15  8.211e-15  7.943e-15
13760.000  8.192e-15  8.192e-16  8.294e-15  8.183e-15  7.954e-15
13770.000  8.348e-15  8.348e-16  8.271e-15  8.162e-15  7.950e-15
13780.000  8.454e-15  8.454e-16  8.239e-15  8.160e-15  7.931e-15
13790.000  8.065e-15  8.065e-16  8.226e-15  8.163e-15  7.908e-15
13800.000  8.197e-15  8.197e-16  8.231e-15  8.146e-15  7.884e-15
13810.000  8.026e-15  8.026e-16  8.221e-15  8.116e-15  7.859e-15
13820.000  8.413e-15  8.413e-16  8.193e-15  8.085e-15  7.858e-15
13830.000  8.308e-15  8.308e-16  8.153e-15  8.086e-15  7.881e-15
13840.000  7.999e-15  7.999e-16  8.145e-15  8.125e-15  7.889e-15
13850.000  8.197e-15  8.197e-16  8.175e-15  8.141e-15  7.892e-15
13860.000  8.390e-15  8.390e-16  8.204e-15  8.130e-15  7.892e-15
13870.000  8.142e-15  8.142e-16  8.202e-15  8.110e-15  7.888e-15
13880.000  8.075e-15  8.075e-16  8.179e-15  8.098e-15  7.887e-15
13890.000  7.950e-15  7.950e-16  8.158e-15  8.090e-15  7.898e-15
13900.000  8.455e-15  8.455e-16  8.151e-15  8.066e-15  7.914e-15
13910.000  8.174e-15  8.174e-16  8.136e-15  8.059e-15  7.917e-15
13920.000  7.870e-15  7.870e-16  8.122e-15  8.079e-15  7.904e-15
13930.000  8.375e-15  8.375e-16  8.131e-15  8.092e-15  7.892e-15
13940.000  8.077e-15  8.077e-16  8.146e-15  8.085e-15  7.891e-15
13950.000  8.266e-15  8.266e-16  8.140e-15  8.073e-15  7.901e-15
13960.000  7.955e-15  7.955e-16  8.124e-15  8.067e-15  7.910e-15
13970.000  8.334e-15  8.334e-16  8.115e-15  8.066e-15  7.902e-15
13980.000  8.000e-15  8.000e-16  8.112e-15  8.068e-15  7.866e-15
13990.000  8.366e-15  8.366e-16  8.113e-15  8.070e-15  7.829e-15
14000.000  7.866e-15  7.866e-16  8.117e-15  8.067e-15  7.815e-15
14010.000  8.183e-15  8.183e-16  8.116e-15  8.057e-15  7.804e-15
14020.000  8.286e-15  8.286e-16  8.108e-15  8.044e-15  7.779e-15
14030.000  8.004e-15  8.004e-16  8.094e-15  8.030e-15  7.733e-15
14040.000  8.160e-15  8.160e-16  8.075e-15  8.013e-15  7.664e-15
14050.000  7.773e-15  7.773e-16  8.059e-15  7.998e-15  7.559e-15
14060.000  8.027e-15  8.027e-16  8.038e-15  7.995e-15  7.419e-15
14070.000  8.344e-15  8.344e-16  8.028e-15  7.996e-15  7.137e-15
14080.000  8.080e-15  8.080e-16  8.031e-15  7.993e-15  6.651e-15
14090.000  7.921e-15  7.921e-16  8.030e-15  7.990e-15  5.922e-15
14100.000  8.240e-15  8.240e-16  8.026e-15  7.987e-15  5.706e-15
14110.000  7.915e-15  7.915e-16  8.022e-15  7.985e-15  6.280e-15
14120.000  7.870e-15  7.870e-16  8.019e-15  7.982e-15  6.863e-15
14130.000  8.121e-15  8.121e-16  8.015e-15  7.979e-15  7.228e-15
14140.000  8.060e-15  8.060e-16  8.011e-15  7.979e-15  7.427e-15
14150.000  7.796e-15  7.796e-16  8.011e-15  7.973e-15  7.585e-15
14160.000  8.032e-15  8.032e-16  8.009e-15  7.959e-15  7.674e-15
14170.000  8.321e-15  8.321e-16  7.995e-15  7.945e-15  7.699e-15
14180.000  7.758e-15  7.758e-16  7.980e-15  7.933e-15  7.701e-15
14190.000  8.100e-15  8.100e-16  7.965e-15  7.928e-15  7.752e-15
14200.000  7.941e-15  7.941e-16  7.958e-15  7.920e-15  7.804e-15
14210.000  8.100e-15  8.100e-16  7.954e-15  7.900e-15  7.809e-15
14220.000  7.813e-15  7.813e-16  7.941e-15  7.871e-15  7.792e-15
14230.000  7.801e-15  7.801e-16  7.912e-15  7.836e-15  7.790e-15
14240.000  7.951e-15  7.951e-16  7.877e-15  7.816e-15  7.789e-15
14250.000  8.051e-15  8.051e-16  7.846e-15  7.794e-15  7.776e-15
14260.000  7.870e-15  7.870e-16  7.828e-15  7.764e-15  7.720e-15
14270.000  7.751e-15  7.751e-16  7.799e-15  7.709e-15  7.656e-15
14280.000  8.010e-15  8.010e-16  7.760e-15  7.635e-15  7.683e-15
14290.000  7.659e-15  7.659e-16  7.691e-15  7.507e-15  7.760e-15
14300.000  7.596e-15  7.596e-16  7.599e-15  7.337e-15  7.777e-15
14310.000  7.319e-15  7.319e-16  7.438e-15  7.016e-15  7.738e-15
14320.000  7.106e-15  7.106e-16  7.222e-15  6.509e-15  7.729e-15
14330.000  7.199e-15  7.199e-16  6.797e-15  5.682e-15  7.764e-15
14340.000  6.324e-15  6.324e-16  6.147e-15  5.174e-15  7.804e-15
14350.000  5.016e-15  5.016e-16  5.373e-15  5.474e-15  7.808e-15
14360.000  4.930e-15  4.930e-16  5.328e-15  6.330e-15  7.781e-15
14370.000  6.073e-15  6.073e-16  5.958e-15  6.865e-15  7.710e-15
14380.000  6.731e-15  6.731e-16  6.708e-15  7.231e-15  7.692e-15
14390.000  7.050e-15  7.050e-16  7.092e-15  7.428e-15  7.728e-15
14400.000  7.340e-15  7.340e-16  7.364e-15  7.561e-15  7.747e-15
14410.000  7.609e-15  7.609e-16  7.514e-15  7.624e-15  7.749e-15
14420.000  7.551e-15  7.551e-16  7.612e-15  7.660e-15  7.753e-15
14430.000  7.872e-15  7.872e-16  7.651e-15  7.684e-15  7.733e-15
14440.000  7.485e-15  7.485e-16  7.676e-15  7.722e-15  7.678e-15
14450.000  7.814e-15  7.814e-16  7.707e-15  7.735e-15  7.630e-15
14460.000  7.917e-15  7.917e-16  7.739e-15  7.730e-15  7.644e-15
14470.000  7.635e-15  7.635e-16  7.737e-15  7.727e-15  7.665e-15
14480.000  7.777e-15  7.777e-16  7.728e-15  7.728e-15  7.662e-15
14490.000  7.583e-15  7.583e-16  7.726e-15  7.728e-15  7.652e-15
14500.000  7.843e-15  7.843e-16  7.726e-15  7.707e-15  7.625e-15
14510.000  7.696e-15  7.696e-16  7.719e-15  7.626e-15  7.588e-15
14520.000  7.697e-15  7.697e-16  7.668e-15  7.553e-15  7.573e-15
14530.000  7.684e-15  7.684e-16  7.579e-15  7.598e-15  7.562e-15
14540.000  7.500e-15  7.500e-16  7.561e-15  7.681e-15  7.521e-15
14550.000  7.712e-15  7.712e-16  7.653e-15  7.709e-15  7.501e-15
14560.000  7.615e-15  7.615e-16  7.698e-15  7.697e-15  7.532e-15
14570.000  7.615e-15  7.615e-16  7.690e-15  7.700e-15  7.583e-15
14580.000  7.592e-15  7.592e-16  7.680e-15  7.713e-15  7.607e-15
14590.000  8.112e-15  8.112e-16  7.694e-15  7.721e-15  7.610e-15
14600.000  7.392e-15  7.392e-16  7.708e-15  7.716e-15  7.586e-15
14610.000  7.758e-15  7.758e-16  7.707e-15  7.694e-15  7.531e-15
14620.000  7.915e-15  7.915e-16  7.693e-15  7.662e-15  7.501e-15
14630.000  7.604e-15  7.604e-16  7.654e-15  7.654e-15  7.532e-15
14640.000  7.603e-15  7.603e-16  7.629e-15  7.669e-15  7.545e-15
14650.000  7.732e-15  7.732e-16  7.639e-15  7.671e-15  7.540e-15
14660.000  7.402e-15  7.402e-16  7.651e-15  7.667e-15  7.563e-15
14670.000  7.720e-15  7.720e-16  7.646e-15  7.666e-15  7.575e-15
14680.000  7.802e-15  7.802e-16  7.645e-15  7.650e-15  7.564e-15
14690.000  7.672e-15  7.672e-16  7.636e-15  7.621e-15  7.545e-15
14700.000  7.730e-15  7.730e-16  7.611e-15  7.594e-15  7.538e-15
14710.000  7.251e-15  7.251e-16  7.570e-15  7.596e-15  7.534e-15
14720.000  7.589e-15  7.589e-16  7.559e-15  7.601e-15  7.505e-15
14730.000  7.830e-15  7.830e-16  7.566e-15  7.598e-15  7.474e-15
14740.000  7.414e-15  7.414e-16  7.565e-15  7.589e-15  7.481e-15
14750.000  7.555e-15  7.555e-16  7.559e-15  7.571e-15  7.526e-15
14760.000  7.458e-15  7.458e-16  7.542e-15  7.548e-15  7.554e-15
14770.000  7.636e-15  7.636e-16  7.518e-15  7.538e-15  7.549e-15
14780.000  7.558e-15  7.558e-16  7.498e-15  7.521e-15  7.512e-15
14790.000  7.761e-15  7.761e-16  7.489e-15  7.465e-15  7.494e-15
14800.000  7.339e-15  7.339e-16  7.452e-15  7.410e-15  7.482e-15
14810.000  7.587e-15  7.587e-16  7.392e-15  7.439e-15  7.455e-15
14820.000  7.085e-15  7.085e-16  7.377e-15  7.494e-15  7.457e-15
14830.000  7.313e-15  7.313e-16  7.424e-15  7.516e-15  7.498e-15
14840.000  7.745e-15  7.745e-16  7.468e-15  7.514e-15  7.526e-15
14850.000  7.400e-15  7.400e-16  7.473e-15  7.501e-15  7.508e-15
14860.000  7.595e-15  7.595e-16  7.465e-15  7.474e-15  7.468e-15
14870.000  7.489e-15  7.489e-16  7.445e-15  7.447e-15  7.450e-15
14880.000  7.414e-15  7.414e-16  7.406e-15  7.450e-15  7.458e-15
14890.000  7.240e-15  7.240e-16  7.396e-15  7.446e-15  7.455e-15
14900.000  7.288e-15  7.288e-16  7.401e-15  7.434e-15  7.419e-15
14910.000  7.288e-15  7.288e-16  7.392e-15  7.439e-15  7.406e-15
14920.000  7.713e-15  7.713e-16  7.386e-15  7.447e-15  7.423e-15
14930.000  7.452e-15  7.452e-16  7.393e-15  7.449e-15  7.428e-15
14940.000  7.392e-15  7.392e-16  7.399e-15  7.441e-15  7.426e-15
14950.000  7.402e-15  7.402e-16  7.391e-15  7.431e-15  7.448e-15
14960.000  7.046e-15  7.046e-16  7.379e-15  7.425e-15  7.467e-15
14970.000  7.428e-15  7.428e-16  7.371e-15  7.413e-15  7.395e-15
14980.000  7.725e-15  7.725e-16  7.363e-15  7.394e-15  7.210e-15
14990.000  7.119e-15  7.119e-16  7.343e-15  7.386e-15  7.080e-15
15000.000  7.159e-15  7.159e-16  7.325e-15  7.397e-15  7.158e-15
15010.000  7.532e-15  7.532e-16  7.328e-15  7.406e-15  7.317e-15
15020.000  7.414e-15  7.414e-16  7.341e-15  7.402e-15  7.368e-15
15030.000  7.395e-15  7.395e-16  7.347e-15  7.387e-15  7.289e-15
15040.000  7.202e-15  7.202e-16  7.338e-15  7.368e-15  7.262e-15
15050.000  7.454e-15  7.454e-16  7.314e-15  7.365e-15  7.287e-15
15060.000  7.288e-15  7.288e-16  7.302e-15  7.356e-15  7.296e-15
15070.000  7.148e-15  7.148e-16  7.295e-15  7.345e-15  7.319e-15
15080.000  7.178e-15  7.178e-16  7.281e-15  7.351e-15  7.335e-15
15090.000  7.550e-15  7.550e-16  7.274e-15  7.364e-15  7.297e-15
15100.000  7.071e-15  7.071e-16  7.288e-15  7.364e-15  7.267e-15
15110.000  7.633e-15  7.633e-16  7.299e-15  7.347e-15  7.301e-15
15120.000  7.373e-15  7.373e-16  7.289e-15  7.331e-15  7.337e-15
15130.000  7.045e-15  7.045e-16  7.268e-15  7.324e-15  7.354e-15
15140.000  7.258e-15  7.258e-16  7.252e-15  7.325e-15  7.356e-15
15150.000  7.541e-15  7.541e-16  7.251e-15  7.317e-15  7.290e-15
15160.000  6.978e-15  6.978e-16  7.248e-15  7.301e-15  7.229e-15
15170.000  7.410e-15  7.410e-16  7.233e-15  7.293e-15  7.246e-15
15180.000  7.067e-15  7.067e-16  7.215e-15  7.292e-15  7.290e-15
15190.000  7.232e-15  7.232e-16  7.214e-15  7.286e-15  7.331e-15
15200.000  7.330e-15  7.330e-16  7.212e-15  7.283e-15  7.357e-15
15210.000  7.071e-15  7.071e-16  7.204e-15  7.292e-15  7.346e-15
15220.000  7.077e-15  7.077e-16  7.208e-15  7.290e-15  7.315e-15
15230.000  7.314e-15  7.314e-16  7.216e-15  7.234e-15  7.299e-15
15240.000  7.552e-15  7.552e-16  7.190e-15  7.137e-15  7.307e-15
15250.000  7.053e-15  7.053e-16  7.106e-15  7.072e-15  7.294e-15
15260.000  6.762e-15  6.762e-16  6.988e-15  7.124e-15  7.219e-15
15270.000  7.007e-15  7.007e-16  6.985e-15  7.213e-15  7.141e-15
15280.000  7.237e-15  7.237e-16  7.078e-15  7.220e-15  7.101e-15
15290.000  7.284e-15  7.284e-16  7.145e-15  7.176e-15  7.145e-15
15300.000  7.147e-15  7.147e-16  7.110e-15  7.166e-15  7.220e-15
15310.000  7.179e-15  7.179e-16  7.072e-15  7.176e-15  7.247e-15
15320.000  7.078e-15  7.078e-16  7.074e-15  7.175e-15  7.247e-15
15330.000  6.984e-15  6.984e-16  7.080e-15  7.178e-15  7.274e-15
15340.000  6.885e-15  6.885e-16  7.079e-15  7.183e-15  7.305e-15
15350.000  7.178e-15  7.178e-16  7.088e-15  7.169e-15  7.294e-15
15360.000  7.261e-15  7.261e-16  7.082e-15  7.155e-15  7.265e-15
15370.000  7.231e-15  7.231e-16  7.059e-15  7.161e-15  7.251e-15
15380.000  6.851e-15  6.851e-16  7.053e-15  7.171e-15  7.261e-15
15390.000  6.794e-15  6.794e-16  7.069e-15  7.173e-15  7.272e-15
15400.000  7.347e-15  7.347e-16  7.074e-15  7.168e-15  7.266e-15
15410.000  7.151e-15  7.151e-16  7.076e-15  7.132e-15  7.231e-15
15420.000  6.950e-15  6.950e-16  7.062e-15  7.098e-15  7.200e-15
15430.000  7.020e-15  7.020e-16  7.009e-15  7.095e-15  7.183e-15
15440.000  7.018e-15  7.018e-16  6.988e-15  7.103e-15  7.128e-15
15450.000  6.927e-15  6.927e-16  6.993e-15  7.120e-15  7.071e-15
15460.000  6.999e-15  6.999e-16  7.005e-15  7.135e-15  7.101e-15
15470.000  7.280e-15  7.280e-16  7.028e-15  7.133e-15  7.150e-15
15480.000  7.173e-15  7.173e-16  7.035e-15  7.119e-15  7.151e-15
15490.000  6.645e-15  6.645e-16  7.025e-15  7.107e-15  7.150e-15
15500.000  7.031e-15  7.031e-16  7.008e-15  7.103e-15  7.169e-15
15510.000  7.114e-15  7.114e-16  6.998e-15  7.093e-15  7.192e-15
15520.000  7.105e-15  7.105e-16  6.995e-15  7.065e-15  7.214e-15
15530.000  6.944e-15  6.944e-16  6.975e-15  7.023e-15  7.230e-15
15540.000  7.119e-15  7.119e-16  6.930e-15  6.995e-15  7.223e-15
15550.000  6.724e-15  6.724e-16  6.889e-15  6.994e-15  7.187e-15
15560.000  6.994e-15  6.994e-16  6.868e-15  7.013e-15  7.147e-15
15570.000  6.976e-15  6.976e-16  6.882e-15  7.032e-15  7.106e-15
15580.000  6.837e-15  6.837e-16  6.910e-15  7.038e-15  7.114e-15
15590.000  6.938e-15  6.938e-16  6.923e-15  7.042e-15  7.154e-15
15600.000  6.595e-15  6.595e-16  6.924e-15  7.054e-15  7.157e-15
15610.000  7.222e-15  7.222e-16  6.933e-15  7.054e-15  7.141e-15
15620.000  6.814e-15  6.814e-16  6.943e-15  7.039e-15  7.142e-15
15630.000  7.075e-15  7.075e-16  6.937e-15  7.027e-15  7.127e-15
15640.000  7.083e-15  7.083e-16  6.917e-15  7.023e-15  7.083e-15
15650.000  6.706e-15  6.706e-16  6.907e-15  7.025e-15  7.051e-15
15660.000  6.855e-15  6.855e-16  6.907e-15  7.021e-15  7.042e-15
15670.000  6.761e-15  6.761e-16  6.908e-15  7.003e-15  7.011e-15
15680.000  7.040e-15  7.040e-16  6.899e-15  6.965e-15  6.979e-15
15690.000  6.982e-15  6.982e-16  6.870e-15  6.953e-15  6.980e-15
15700.000  6.950e-15  6.950e-16  6.838e-15  6.944e-15  7.010e-15
15710.000  6.672e-15  6.672e-16  6.830e-15  6.914e-15  7.042e-15
15720.000  6.965e-15  6.965e-16  6.809e-15  6.900e-15  7.051e-15
15730.000  6.638e-15  6.638e-16  6.775e-15  6.920e-15  7.034e-15
15740.000  6.710e-15  6.710e-16  6.775e-15  6.927e-15  7.008e-15
15750.000  7.042e-15  7.042e-16  6.797e-15  6.924e-15  6.985e-15
15760.000  6.790e-15  6.790e-16  6.799e-15  6.926e-15  6.998e-15
15770.000  6.585e-15  6.585e-16  6.794e-15  6.934e-15  7.037e-15
15780.000  6.893e-15  6.893e-16  6.801e-15  6.939e-15  7.043e-15
15790.000  6.869e-15  6.869e-16  6.809e-15  6.946e-15  6.998e-15
15800.000  6.904e-15  6.904e-16  6.815e-15  6.947e-15  6.986e-15
15810.000  6.883e-15  6.883e-16  6.822e-15  6.934e-15  6.982e-15
15820.000  6.789e-15  6.789e-16  6.817e-15  6.912e-15  6.965e-15
15830.000  6.875e-15  6.875e-16  6.797e-15  6.889e-15  6.974e-15
15840.000  6.748e-15  6.748e-16  6.772e-15  6.874e-15  6.990e-15
15850.000  6.857e-15  6.857e-16  6.747e-15  6.881e-15  6.993e-15
15860.000  6.742e-15  6.742e-16  6.738e-15  6.892e-15  6.990e-15
15870.000  6.567e-15  6.567e-16  6.752e-15  6.886e-15  6.966e-15
15880.000  6.747e-15  6.747e-16  6.760e-15  6.878e-15  6.934e-15
15890.000  6.898e-15  6.898e-16  6.746e-15  6.877e-15  6.938e-15
15900.000  6.512e-15  6.512e-16  6.741e-15  6.867e-15  6.960e-15
15910.000  6.935e-15  6.935e-16  6.738e-15  6.846e-15  6.969e-15
15920.000  6.875e-15  6.875e-16  6.718e-15  6.828e-15  6.967e-15
15930.000  6.516e-15  6.516e-16  6.694e-15  6.818e-15  6.955e-15
15940.000  6.864e-15  6.864e-16  6.679e-15  6.796e-15  6.935e-15
15950.000  6.754e-15  6.754e-16  6.665e-15  6.773e-15  6.922e-15
15960.000  6.269e-15  6.269e-16  6.637e-15  6.757e-15  6.917e-15
15970.000  6.818e-15  6.818e-16  6.615e-15  6.758e-15  6.919e-15
15980.000  6.695e-15  6.695e-16  6.607e-15  6.779e-15  6.931e-15
15990.000  6.665e-15  6.665e-16  6.620e-15  6.790e-15  6.948e-15
16000.000  6.719e-15  6.719e-16  6.640e-15  6.785e-15  6.959e-15
16010.000  6.643e-15  6.643e-16  6.643e-15  6.770e-15  6.951e-15
16020.000  6.836e-15  6.836e-16  6.630e-15  6.758e-15  6.918e-15
16030.000  6.254e-15  6.254e-16  6.615e-15  6.757e-15  6.880e-15
16040.000  6.674e-15  6.674e-16  6.603e-15  6.768e-15  6.887e-15
16050.000  6.570e-15  6.570e-16  6.607e-15  6.771e-15  6.910e-15
16060.000  6.531e-15  6.531e-16  6.623e-15  6.753e-15  6.927e-15
16070.000  6.712e-15  6.712e-16  6.616e-15  6.737e-15  6.932e-15
16080.000  6.847e-15  6.847e-16  6.591e-15  6.732e-15  6.930e-15
16090.000  6.458e-15  6.458e-16  6.580e-15  6.719e-15  6.929e-15
16100.000  6.573e-15  6.573e-16  6.572e-15  6.714e-15  6.920e-15
16110.000  6.741e-15  6.741e-16  6.559e-15  6.717e-15  6.909e-15
16120.000  6.417e-15  6.417e-16  6.558e-15  6.714e-15  6.906e-15
16130.000  6.443e-15  6.443e-16  6.560e-15  6.710e-15  6.897e-15
16140.000  6.650e-15  6.650e-16  6.556e-15  6.703e-15  6.877e-15
16150.000  6.728e-15  6.728e-16  6.551e-15  6.683e-15  6.850e-15
16160.000  6.294e-15  6.294e-16  6.536e-15  6.675e-15  6.840e-15
16170.000  6.535e-15  6.535e-16  6.517e-15  6.680e-15  6.851e-15
16180.000  6.661e-15  6.661e-16  6.513e-15  6.682e-15  6.864e-15
16190.000  6.380e-15  6.380e-16  6.521e-15  6.678e-15  6.848e-15
16200.000  6.858e-15  6.858e-16  6.520e-15  6.670e-15  6.816e-15
16210.000  6.646e-15  6.646e-16  6.514e-15  6.662e-15  6.807e-15
16220.000  6.208e-15  6.208e-16  6.506e-15  6.653e-15  6.822e-15
16230.000  6.323e-15  6.323e-16  6.494e-15  6.648e-15  6.829e-15
16240.000  6.685e-15  6.685e-16  6.486e-15  6.643e-15  6.826e-15
16250.000  6.438e-15  6.438e-16  6.479e-15  6.643e-15  6.835e-15
16260.000  6.560e-15  6.560e-16  6.475e-15  6.647e-15  6.860e-15
16270.000  6.635e-15  6.635e-16  6.478e-15  6.651e-15  6.855e-15
16280.000  6.507e-15  6.507e-16  6.483e-15  6.650e-15  6.825e-15
16290.000  6.537e-15  6.537e-16  6.486e-15  6.639e-15  6.815e-15
16300.000  6.423e-15  6.423e-16  6.483e-15  6.616e-15  6.825e-15
16310.000  6.333e-15  6.333e-16  6.464e-15  6.604e-15  6.826e-15
16320.000  6.534e-15  6.534e-16  6.440e-15  6.607e-15  6.836e-15
16330.000  6.399e-15  6.399e-16  6.432e-15  6.612e-15  6.849e-15
16340.000  6.477e-15  6.477e-16  6.438e-15  6.614e-15  6.851e-15
16350.000  6.605e-15  6.605e-16  6.443e-15  6.612e-15  6.837e-15
16360.000  6.216e-15  6.216e-16  6.445e-15  6.608e-15  6.825e-15
16370.000  6.521e-15  6.521e-16  6.441e-15  6.604e-15  6.826e-15
16380.000  6.658e-15  6.658e-16  6.437e-15  6.599e-15  6.835e-15
16390.000  6.336e-15  6.336e-16  6.432e-15  6.592e-15  6.830e-15
16400.000  6.581e-15  6.581e-16  6.424e-15  6.583e-15  6.803e-15
16410.000  6.491e-15  6.491e-16  6.416e-15  6.568e-15  6.778e-15
16420.000  6.193e-15  6.193e-16  6.405e-15  6.555e-15  6.780e-15
16430.000  6.536e-15  6.536e-16  6.392e-15  6.539e-15  6.787e-15
16440.000  6.395e-15  6.395e-16  6.374e-15  6.529e-15  6.786e-15
16450.000  6.218e-15  6.218e-16  6.360e-15  6.532e-15  6.789e-15
16460.000  6.327e-15  6.327e-16  6.354e-15  6.539e-15  6.789e-15
16470.000  6.419e-15  6.419e-16  6.359e-15  6.537e-15  6.782e-15
16480.000  6.445e-15  6.445e-16  6.363e-15  6.521e-15  6.769e-15
16490.000  6.332e-15  6.332e-16  6.352e-15  6.514e-15  6.762e-15
16500.000  6.217e-15  6.217e-16  6.335e-15  6.521e-15  6.764e-15
16510.000  6.421e-15  6.421e-16  6.333e-15  6.524e-15  6.767e-15
16520.000  6.371e-15  6.371e-16  6.340e-15  6.520e-15  6.760e-15
16530.000  6.472e-15  6.472e-16  6.340e-15  6.518e-15  6.744e-15
16540.000  6.421e-15  6.421e-16  6.335e-15  6.523e-15  6.729e-15
16550.000  6.125e-15  6.125e-16  6.337e-15  6.521e-15  6.715e-15
16560.000  6.163e-15  6.163e-16  6.342e-15  6.504e-15  6.708e-15
16570.000  6.714e-15  6.714e-16  6.331e-15  6.492e-15  6.725e-15
16580.000  6.078e-15  6.078e-16  6.314e-15  6.491e-15  6.743e-15
16590.000  6.441e-15  6.441e-16  6.306e-15  6.489e-15  6.743e-15
16600.000  6.227e-15  6.227e-16  6.306e-15  6.490e-15  6.739e-15
16610.000  6.637e-15  6.637e-16  6.304e-15  6.492e-15  6.738e-15
16620.000  6.274e-15  6.274e-16  6.306e-15  6.487e-15  6.734e-15
16630.000  6.162e-15  6.162e-16  6.307e-15  6.480e-15  6.725e-15
16640.000  6.531e-15  6.531e-16  6.301e-15  6.473e-15  6.719e-15
16650.000  6.185e-15  6.185e-16  6.291e-15  6.471e-15  6.713e-15
16660.000  6.125e-15  6.125e-16  6.285e-15  6.471e-15  6.700e-15
16670.000  6.492e-15  6.492e-16  6.284e-15  6.469e-15  6.688e-15
16680.000  6.538e-15  6.538e-16  6.284e-15  6.461e-15  6.679e-15
16690.000  6.033e-15  6.033e-16  6.280e-15  6.446e-15  6.674e-15
16700.000  6.114e-15  6.114e-16  6.266e-15  6.441e-15  6.672e-15
16710.000  6.251e-15  6.251e-16  6.251e-15  6.440e-15  6.668e-15
16720.000  6.268e-15  6.268e-16  6.248e-15  6.434e-15  6.668e-15
16730.000  6.267e-15  6.267e-16  6.246e-15  6.429e-15  6.666e-15
16740.000  6.481e-15  6.481e-16  6.239e-15  6.427e-15  6.649e-15
16750.000  5.913e-15  5.913e-16  6.235e-15  6.421e-15  6.628e-15
16760.000  6.268e-15  6.268e-16  6.231e-15  6.411e-15  6.604e-15
16770.000  6.474e-15  6.474e-16  6.224e-15  6.400e-15  6.594e-15
16780.000  6.221e-15  6.221e-16  6.212e-15  6.397e-15  6.599e-15
16790.000  6.010e-15  6.010e-16  6.204e-15  6.396e-15  6.602e-15
16800.000  6.313e-15  6.313e-16  6.202e-15  6.391e-15  6.598e-15
16810.000  6.198e-15  6.198e-16  6.200e-15  6.382e-15  6.602e-15
16820.000  6.351e-15  6.351e-16  6.192e-15  6.373e-15  6.620e-15
16830.000  5.870e-15  5.870e-16  6.183e-15  6.365e-15  6.630e-15
16840.000  6.363e-15  6.363e-16  6.172e-15  6.357e-15  6.629e-15
16850.000  6.341e-15  6.341e-16  6.163e-15  6.359e-15  6.633e-15
16860.000  6.212e-15  6.212e-16  6.156e-15  6.371e-15  6.636e-15
16870.000  5.911e-15  5.911e-16  6.161e-15  6.379e-15  6.634e-15
16880.000  6.385e-15  6.385e-16  6.173e-15  6.377e-15  6.634e-15
16890.000  6.219e-15  6.219e-16  6.177e-15  6.375e-15  6.636e-15
16900.000  5.938e-15  5.938e-16  6.172e-15  6.371e-15  6.638e-15
16910.000  6.500e-15  6.500e-16  6.170e-15  6.362e-15  6.638e-15
16920.000  6.023e-15  6.023e-16  6.164e-15  6.350e-15  6.639e-15
16930.000  6.081e-15  6.081e-16  6.153e-15  6.343e-15  6.639e-15
16940.000  6.269e-15  6.269e-16  6.143e-15  6.337e-15  6.633e-15
16950.000  6.006e-15  6.006e-16  6.136e-15  6.328e-15  6.620e-15
16960.000  6.207e-15  6.207e-16  6.129e-15  6.316e-15  6.599e-15
16970.000  6.155e-15  6.155e-16  6.117e-15  6.305e-15  6.578e-15
16980.000  6.124e-15  6.124e-16  6.106e-15  6.303e-15  6.556e-15
16990.000  6.085e-15  6.085e-16  6.097e-15  6.301e-15  6.554e-15
17000.000  6.187e-15  6.187e-16  6.094e-15  6.298e-15  6.564e-15
17010.000  6.012e-15  6.012e-16  6.090e-15  6.296e-15  6.571e-15
17020.000  6.169e-15  6.169e-16  6.087e-15  6.291e-15  6.570e-15
17030.000  6.115e-15  6.115e-16  6.085e-15  6.281e-15  6.565e-15
17040.000  6.154e-15  6.154e-16  6.077e-15  6.269e-15  6.556e-15
17050.000  5.852e-15  5.852e-16  6.063e-15  6.254e-15  6.547e-15
17060.000  6.179e-15  6.179e-16  6.048e-15  6.246e-15  6.514e-15
17070.000  6.252e-15  6.252e-16  6.032e-15  6.242e-15  6.418e-15
17080.000  5.904e-15  5.904e-16  6.027e-15  6.240e-15  6.312e-15
17090.000  5.791e-15  5.791e-16  6.025e-15  6.238e-15  6.281e-15
17100.000  6.203e-15  6.203e-16  6.023e-15  6.237e-15  6.333e-15
17110.000  6.025e-15  6.025e-16  6.020e-15  6.240e-15  6.419e-15
17120.000  5.831e-15  5.831e-16  6.021e-15  6.241e-15  6.492e-15
17130.000  6.114e-15  6.114e-16  6.026e-15  6.238e-15  6.514e-15
17140.000  6.119e-15  6.119e-16  6.026e-15  6.235e-15  6.513e-15
17150.000  6.003e-15  6.003e-16  6.023e-15  6.231e-15  6.501e-15
17160.000  6.192e-15  6.192e-16  6.020e-15  6.226e-15  6.489e-15
17170.000  5.737e-15  5.737e-16  6.016e-15  6.224e-15  6.484e-15
17180.000  6.207e-15  6.207e-16  6.010e-15  6.225e-15  6.487e-15
17190.000  6.087e-15  6.087e-16  6.009e-15  6.227e-15  6.486e-15
17200.000  5.843e-15  5.843e-16  6.010e-15  6.226e-15  6.478e-15
17210.000  6.145e-15  6.145e-16  6.010e-15  6.226e-15  6.470e-15
17220.000  6.029e-15  6.029e-16  6.009e-15  6.224e-15  6.466e-15
17230.000  6.063e-15  6.063e-16  6.008e-15  6.219e-15  6.456e-15
17240.000  5.987e-15  5.987e-16  6.004e-15  6.210e-15  6.443e-15
17250.000  6.137e-15  6.137e-16  5.997e-15  6.197e-15  6.439e-15
17260.000  5.660e-15  5.660e-16  5.986e-15  6.183e-15  6.442e-15
17270.000  6.202e-15  6.202e-16  5.973e-15  6.168e-15  6.445e-15
17280.000  6.134e-15  6.134e-16  5.957e-15  6.161e-15  6.449e-15
17290.000  5.730e-15  5.730e-16  5.944e-15  6.161e-15  6.455e-15
17300.000  5.919e-15  5.919e-16  5.937e-15  6.162e-15  6.462e-15
17310.000  6.199e-15  6.199e-16  5.938e-15  6.156e-15  6.470e-15
17320.000  5.428e-15  5.428e-16  5.938e-15  6.130e-15  6.474e-15
17330.000  6.162e-15  6.162e-16  5.929e-15  6.076e-15  6.469e-15
17340.000  6.170e-15  6.170e-16  5.901e-15  6.055e-15  6.461e-15
17350.000  5.747e-15  5.747e-16  5.860e-15  6.089e-15  6.449e-15
17360.000  5.727e-15  5.727e-16  5.855e-15  6.077e-15  6.432e-15
17370.000  6.006e-15  6.006e-16  5.874e-15  6.009e-15  6.419e-15
17380.000  6.213e-15  6.213e-16  5.834e-15  5.965e-15  6.413e-15
17390.000  5.737e-15  5.737e-16  5.759e-15  5.975e-15  6.403e-15
17400.000  5.175e-15  5.175e-16  5.725e-15  6.030e-15  6.388e-15
17410.000  5.766e-15  5.766e-16  5.748e-15  6.080e-15  6.376e-15
17420.000  6.233e-15  6.233e-16  5.803e-15  6.107e-15  6.376e-15
17430.000  5.804e-15  5.804e-16  5.859e-15  6.111e-15  6.381e-15
17440.000  5.764e-15  5.764e-16  5.877e-15  6.108e-15  6.383e-15
17450.000  5.778e-15  5.778e-16  5.879e-15  6.100e-15  6.379e-15
17460.000  5.990e-15  5.990e-16  5.874e-15  6.088e-15  6.377e-15
17470.000  5.969e-15  5.969e-16  5.863e-15  6.078e-15  6.382e-15
17480.000  5.733e-15  5.733e-16  5.852e-15  6.071e-15  6.387e-15
17490.000  5.819e-15  5.819e-16  5.843e-15  6.067e-15  6.382e-15
17500.000  5.797e-15  5.797e-16  5.838e-15  6.064e-15  6.376e-15
17510.000  5.963e-15  5.963e-16  5.833e-15  6.061e-15  6.374e-15
17520.000  5.734e-15  5.734e-16  5.829e-15  6.051e-15  6.375e-15
17530.000  6.104e-15  6.104e-16  5.824e-15  6.040e-15  6.374e-15
17540.000  5.750e-15  5.750e-16  5.812e-15  6.032e-15  6.373e-15
17550.000  5.748e-15  5.748e-16  5.802e-15  6.031e-15  6.373e-15
17560.000  5.786e-15  5.786e-16  5.796e-15  6.031e-15  6.373e-15
17570.000  6.073e-15  6.073e-16  5.795e-15  6.030e-15  6.369e-15
17580.000  5.825e-15  5.825e-16  5.795e-15  6.030e-15  6.355e-15
17590.000  5.469e-15  5.469e-16  5.793e-15  6.032e-15  6.341e-15
17600.000  5.772e-15  5.772e-16  5.793e-15  6.035e-15  6.346e-15
17610.000  5.643e-15  5.643e-16  5.795e-15  6.039e-15  6.352e-15
17620.000  6.118e-15  6.118e-16  5.799e-15  6.039e-15  6.348e-15
17630.000  5.793e-15  5.793e-16  5.802e-15  6.037e-15  6.338e-15
17640.000  5.602e-15  5.602e-16  5.801e-15  6.033e-15  6.327e-15
17650.000  5.939e-15  5.939e-16  5.798e-15  6.024e-15  6.322e-15
17660.000  6.108e-15  6.108e-16  5.792e-15  6.013e-15  6.327e-15
17670.000  5.571e-15  5.571e-16  5.782e-15  6.002e-15  6.330e-15
17680.000  5.552e-15  5.552e-16  5.768e-15  5.992e-15  6.323e-15
17690.000  5.919e-15  5.919e-16  5.756e-15  5.985e-15  6.304e-15
17700.000  5.875e-15  5.875e-16  5.748e-15  5.977e-15  6.295e-15
17710.000  5.722e-15  5.722e-16  5.738e-15  5.968e-15  6.299e-15
17720.000  5.505e-15  5.505e-16  5.729e-15  5.959e-15  6.302e-15
17730.000  5.679e-15  5.679e-16  5.719e-15  5.954e-15  6.295e-15
17740.000  5.635e-15  5.635e-16  5.713e-15  5.950e-15  6.286e-15
17750.000  5.833e-15  5.833e-16  5.709e-15  5.950e-15  6.272e-15
17760.000  5.828e-15  5.828e-16  5.706e-15  5.951e-15  6.274e-15
17770.000  5.848e-15  5.848e-16  5.705e-15  5.951e-15  6.286e-15
17780.000  5.577e-15  5.577e-16  5.705e-15  5.952e-15  6.276e-15
17790.000  5.906e-15  5.906e-16  5.705e-15  5.949e-15  6.233e-15
17800.000  5.877e-15  5.877e-16  5.705e-15  5.944e-15  6.206e-15
17810.000  5.649e-15  5.649e-16  5.701e-15  5.943e-15  6.229e-15
17820.000  5.498e-15  5.498e-16  5.696e-15  5.944e-15  6.262e-15
17830.000  5.706e-15  5.706e-16  5.694e-15  5.944e-15  6.279e-15
17840.000  5.651e-15  5.651e-16  5.694e-15  5.940e-15  6.281e-15
17850.000  5.721e-15  5.721e-16  5.693e-15  5.935e-15  6.276e-15
17860.000  5.628e-15  5.628e-16  5.690e-15  5.933e-15  6.259e-15
17870.000  5.929e-15  5.929e-16  5.686e-15  5.933e-15  6.231e-15
17880.000  5.713e-15  5.713e-16  5.684e-15  5.927e-15  6.219e-15
17890.000  5.550e-15  5.550e-16  5.682e-15  5.914e-15  6.212e-15
17900.000  5.846e-15  5.846e-16  5.673e-15  5.909e-15  6.216e-15
17910.000  5.665e-15  5.665e-16  5.660e-15  5.912e-15  6.229e-15
17920.000  5.409e-15  5.409e-16  5.658e-15  5.909e-15  6.235e-15
17930.000  5.454e-15  5.454e-16  5.660e-15  5.900e-15  6.234e-15
17940.000  5.945e-15  5.945e-16  5.655e-15  5.894e-15  6.216e-15
17950.000  5.532e-15  5.532e-16  5.647e-15  5.892e-15  6.186e-15
17960.000  5.960e-15  5.960e-16  5.640e-15  5.892e-15  6.179e-15
17970.000  5.536e-15  5.536e-16  5.637e-15  5.895e-15  6.191e-15
17980.000  5.644e-15  5.644e-16  5.637e-15  5.897e-15  6.200e-15
17990.000  5.644e-15  5.644e-16  5.639e-15  5.892e-15  6.209e-15
18000.000  5.466e-15  5.466e-16  5.639e-15  5.878e-15  6.216e-15
18010.000  5.573e-15  5.573e-16  5.631e-15  5.869e-15  6.205e-15
18020.000  5.837e-15  5.837e-16  5.617e-15  5.864e-15  6.188e-15
18030.000  5.976e-15  5.976e-16  5.610e-15  5.857e-15  6.180e-15
18040.000  5.449e-15  5.449e-16  5.607e-15  5.847e-15  6.185e-15
18050.000  5.344e-15  5.344e-16  5.599e-15  5.839e-15  6.190e-15
18060.000  5.615e-15  5.615e-16  5.589e-15  5.836e-15  6.175e-15
18070.000  5.719e-15  5.719e-16  5.581e-15  5.841e-15  6.156e-15
18080.000  5.628e-15  5.628e-16  5.577e-15  5.846e-15  6.165e-15
18090.000  5.473e-15  5.473e-16  5.582e-15  5.837e-15  6.175e-15
18100.000  5.676e-15  5.676e-16  5.585e-15  5.814e-15  6.169e-15
18110.000  5.731e-15  5.731e-16  5.570e-15  5.800e-15  6.156e-15
18120.000  5.528e-15  5.528e-16  5.547e-15  5.807e-15  6.140e-15
18130.000  5.504e-15  5.504e-16  5.538e-15  5.817e-15  6.115e-15
18140.000  5.563e-15  5.563e-16  5.549e-15  5.823e-15  6.096e-15
18150.000  5.481e-15  5.481e-16  5.560e-15  5.824e-15  6.099e-15
18160.000  5.455e-15  5.455e-16  5.564e-15  5.820e-15  6.113e-15
18170.000  5.776e-15  5.776e-16  5.564e-15  5.807e-15  6.114e-15
18180.000  5.679e-15  5.679e-16  5.558e-15  5.799e-15  6.110e-15
18190.000  5.539e-15  5.539e-16  5.543e-15  5.794e-15  6.107e-15
18200.000  5.550e-15  5.550e-16  5.532e-15  5.789e-15  6.103e-15
18210.000  5.375e-15  5.375e-16  5.528e-15  5.784e-15  6.098e-15
18220.000  5.302e-15  5.302e-16  5.522e-15  5.784e-15  6.102e-15
18230.000  5.716e-15  5.716e-16  5.519e-15  5.782e-15  6.112e-15
18240.000  5.763e-15  5.763e-16  5.519e-15  5.779e-15  6.115e-15
18250.000  5.529e-15  5.529e-16  5.518e-15  5.772e-15  6.105e-15
18260.000  5.471e-15  5.471e-16  5.513e-15  5.764e-15  6.088e-15
18270.000  5.296e-15  5.296e-16  5.504e-15  5.760e-15  6.078e-15
18280.000  5.626e-15  5.626e-16  5.493e-15  5.759e-15  6.085e-15
18290.000  5.518e-15  5.518e-16  5.490e-15  5.758e-15  6.096e-15
18300.000  5.549e-15  5.549e-16  5.490e-15  5.760e-15  6.093e-15
18310.000  5.478e-15  5.478e-16  5.490e-15  5.760e-15  6.071e-15
18320.000  5.374e-15  5.374e-16  5.491e-15  5.752e-15  6.049e-15
18330.000  5.511e-15  5.511e-16  5.491e-15  5.740e-15  6.046e-15
18340.000  5.498e-15  5.498e-16  5.481e-15  5.730e-15  6.053e-15
18350.000  5.615e-15  5.615e-16  5.469e-15  5.728e-15  6.045e-15
18360.000  5.424e-15  5.424e-16  5.461e-15  5.728e-15  6.024e-15
18370.000  5.510e-15  5.510e-16  5.459e-15  5.725e-15  6.004e-15
18380.000  5.553e-15  5.553e-16  5.460e-15  5.715e-15  6.001e-15
18390.000  5.419e-15  5.419e-16  5.453e-15  5.709e-15  6.002e-15
18400.000  5.152e-15  5.152e-16  5.442e-15  5.706e-15  5.989e-15
18410.000  5.371e-15  5.371e-16  5.437e-15  5.703e-15  5.983e-15
18420.000  5.761e-15  5.761e-16  5.436e-15  5.698e-15  5.982e-15
18430.000  5.658e-15  5.658e-16  5.433e-15  5.694e-15  5.976e-15
18440.000  5.339e-15  5.339e-16  5.427e-15  5.682e-15  5.970e-15
18450.000  5.189e-15  5.189e-16  5.421e-15  5.667e-15  5.971e-15
18460.000  5.525e-15  5.525e-16  5.407e-15  5.666e-15  5.975e-15
18470.000  5.321e-15  5.321e-16  5.393e-15  5.678e-15  5.976e-15
18480.000  5.410e-15  5.410e-16  5.393e-15  5.678e-15  5.971e-15
18490.000  5.473e-15  5.473e-16  5.402e-15  5.666e-15  5.960e-15
18500.000  5.436e-15  5.436e-16  5.401e-15  5.658e-15  5.953e-15
18510.000  5.262e-15  5.262e-16  5.389e-15  5.661e-15  5.956e-15
18520.000  5.409e-15  5.409e-16  5.383e-15  5.663e-15  5.957e-15
18530.000  5.537e-15  5.537e-16  5.385e-15  5.661e-15  5.946e-15
18540.000  5.412e-15  5.412e-16  5.385e-15  5.662e-15  5.931e-15
18550.000  5.296e-15  5.296e-16  5.382e-15  5.663e-15  5.929e-15
18560.000  5.394e-15  5.394e-16  5.384e-15  5.660e-15  5.938e-15
18570.000  5.461e-15  5.461e-16  5.385e-15  5.650e-15  5.948e-15
18580.000  5.410e-15  5.410e-16  5.381e-15  5.636e-15  5.941e-15
18590.000  5.402e-15  5.402e-16  5.371e-15  5.616e-15  5.931e-15
18600.000  5.161e-15  5.161e-16  5.357e-15  5.608e-15  5.935e-15
18610.000  5.556e-15  5.556e-16  5.345e-15  5.603e-15  5.940e-15
18620.000  5.469e-15  5.469e-16  5.342e-15  5.592e-15  5.944e-15
18630.000  5.234e-15  5.234e-16  5.337e-15  5.580e-15  5.953e-15
18640.000  5.136e-15  5.136e-16  5.327e-15  5.565e-15  5.947e-15
18650.000  5.133e-15  5.133e-16  5.310e-15  5.560e-15  5.929e-15
18660.000  5.427e-15  5.427e-16  5.297e-15  5.560e-15  5.913e-15
18670.000  5.190e-15  5.190e-16  5.294e-15  5.555e-15  5.899e-15
18680.000  5.302e-15  5.302e-16  5.294e-15  5.538e-15  5.903e-15
18690.000  5.595e-15  5.595e-16  5.285e-15  5.528e-15  5.917e-15
18700.000  5.363e-15  5.363e-16  5.268e-15  5.524e-15  5.913e-15
18710.000  5.121e-15  5.121e-16  5.258e-15  5.514e-15  5.904e-15
18720.000  5.395e-15  5.395e-16  5.256e-15  5.489e-15  5.890e-15
18730.000  5.277e-15  5.277e-16  5.243e-15  5.488e-15  5.871e-15
18740.000  5.171e-15  5.171e-16  5.224e-15  5.497e-15  5.858e-15
18750.000  5.316e-15  5.316e-16  5.222e-15  5.498e-15  5.860e-15
18760.000  5.454e-15  5.454e-16  5.229e-15  5.497e-15  5.858e-15
18770.000  4.769e-15  4.769e-16  5.227e-15  5.503e-15  5.849e-15
18780.000  5.399e-15  5.399e-16  5.227e-15  5.499e-15  5.840e-15
18790.000  5.293e-15  5.293e-16  5.229e-15  5.486e-15  5.828e-15
18800.000  4.965e-15  4.965e-16  5.225e-15  5.481e-15  5.815e-15
18810.000  5.152e-15  5.152e-16  5.215e-15  5.485e-15  5.805e-15
18820.000  5.625e-15  5.625e-16  5.209e-15  5.485e-15  5.772e-15
18830.000  5.006e-15  5.006e-16  5.210e-15  5.483e-15  5.727e-15
18840.000  5.218e-15  5.218e-16  5.209e-15  5.481e-15  5.715e-15
18850.000  5.186e-15  5.186e-16  5.208e-15  5.471e-15  5.757e-15
