# Redshift peak_mF106
1.1288 24.2416
1.6419 25.0905
1.0221 24.2478
2.3085 27.1247
2.0206 26.7459
1.9646 25.6477
1.7550 25.7168
0.6671 23.5553
1.9860 26.8070
1.5496 25.0469
2.0732 26.2042
1.2914 24.8291
1.1014 24.2930
1.0216 24.2587
1.2908 24.4763
3.0346 27.6699
1.5337 24.6313
2.4842 27.5531
1.1817 24.0307
1.0189 23.9551
1.1862 24.4000
1.6414 25.0100
0.8137 23.6938
2.2012 26.9018
1.0229 24.3630
0.7140 23.6266
1.4401 24.6513
0.8255 23.7727
2.7028 29.2721
1.1561 24.7721
1.9714 26.2689
2.3658 26.1117
2.1446 26.5543
-0.1198 20.1717
1.4539 24.6330
2.3046 27.0538
0.8773 24.1282
0.7455 23.5825
0.2528 22.1351
0.1549 20.8236
2.7242 27.3282
1.9529 25.9577
1.1267 24.6315
1.5517 25.0114
2.3951 27.6083
0.3322 22.8343
2.1705 26.6134
1.0852 23.8189
1.7676 25.2083
0.2860 22.4728
1.4658 25.1091
1.5069 25.2380
0.8946 23.7541
0.6160 23.0992
1.7754 25.2847
2.1173 25.6953
1.5684 24.3027
1.7236 25.7549
2.5183 28.0618
1.6863 25.5072
1.8813 25.6230
1.1387 24.0548
1.7521 25.2311
0.5234 23.4052
1.6972 25.4941
1.8010 25.5599
1.8309 25.2788
2.4441 27.3113
1.1979 24.2806
1.3921 25.5216
0.7631 23.4432
0.5308 23.0528
1.2376 24.8671
2.4965 27.8621
0.9882 24.1544
1.3173 24.7700
2.4062 26.7479
1.8819 26.0847
1.3210 24.5987
2.0347 26.1714
1.8994 26.2817
2.4639 28.4263
0.7346 23.4900
2.5789 27.4720
0.6364 23.5398
3.0781 29.6268
0.5892 23.0810
1.5959 24.7880
2.3009 27.2102
1.4520 25.3916
1.3276 24.8675
2.7599 27.4812
0.9512 24.1798
0.6652 23.3455
2.1814 26.8912
2.2239 26.7904
1.2324 25.2156
0.8666 23.4890
1.5556 25.2646
1.0231 24.0232
0.7742 23.7977
1.9341 25.9959
1.3260 25.0582
2.5517 27.1809
0.8993 23.7988
2.0564 25.5305
1.0980 24.1936
1.6565 25.3836
1.6097 24.8838
1.0192 24.1909
1.9917 26.1665
2.4351 28.3580
0.9341 23.7756
1.1734 24.5815
2.5633 27.3253
1.1944 23.9491
2.1982 27.9017
1.4542 25.1939
1.5634 24.9445
1.8896 26.1177
1.1886 24.5736
1.7007 25.5244
1.1643 24.2060
0.6416 23.5507
1.6025 25.6095
1.3491 24.7536
0.8289 23.8909
0.7484 23.7114
2.6721 28.8324
2.0036 25.8307
1.1158 24.4073
1.5223 25.1867
2.0756 25.8950
2.5335 27.3273
2.7587 28.5596
1.7820 25.2847
2.6869 27.6428
0.6759 23.7604
1.6819 25.4996
1.1277 24.6034
2.4579 27.8216
1.3816 24.4619
1.5832 25.2025
2.0788 25.9405
0.2875 22.5291
1.1523 24.0646
2.0549 25.5809
1.3981 24.9670
1.4539 25.0263
2.1548 27.3236
1.1206 24.1303
1.0180 24.2398
1.3379 25.1404
1.3011 24.9917
1.5845 25.0316
1.3790 24.7752
2.1861 27.3755
1.1367 24.4531
1.2849 24.0258
0.6291 23.5816
2.3522 27.6927
2.1181 26.2492
2.1865 26.3946
1.8042 25.9510
2.7341 29.0758
1.8507 25.9499
0.8850 23.7745
0.4767 22.9099
1.1271 23.9385
0.9546 23.8839
1.1466 24.7902
1.6953 25.2936
2.4636 26.9463
1.3323 24.9283
0.6435 23.0849
1.5797 25.4290
2.5921 28.1495
1.4722 25.1439
2.6943 28.5288
2.3590 27.4370
2.0654 26.0593
2.9263 28.3351
1.5387 24.8504
2.7365 28.2471
1.3078 24.8045
0.6632 23.7127
1.8532 25.5205
1.3045 25.0083
0.3123 22.1446
1.5395 25.0612
1.4010 24.6397
2.2646 26.7406
0.8472 23.7977
2.9796 28.3205
0.6398 23.5584
1.2546 24.8294
2.6400 28.4839
1.1014 24.6362
1.6351 25.2772
1.5906 25.4930
1.3077 24.3944
1.6568 26.1130
1.0987 24.6905
1.5775 25.2344
0.6210 23.2848
0.9352 23.8303
1.5201 25.2841
1.6188 25.5934
0.6317 23.2120
1.4323 25.4709
0.7072 23.5490
2.6862 27.6844
2.0014 25.8947
1.0136 24.2365
1.9632 25.4807
0.6452 23.6092
2.2807 27.4161
1.3507 24.3138
1.5810 24.5347
1.1356 24.6965
0.9406 24.3913
2.1543 26.3017
2.2741 26.5151
1.6716 24.9427
1.3142 24.3697
1.5381 24.8750
1.6719 25.4559
1.8133 25.3793
1.5877 25.4830
1.0683 24.5325
0.6472 23.0826
2.4625 27.3235
0.8490 23.6761
2.0807 25.4638
2.3380 27.5287
1.2486 24.5257
2.0220 26.7523
0.2619 21.0698
2.3237 26.8340
1.1160 24.3432
1.1318 23.8751
0.0060 21.7661
0.8007 23.8799
1.3521 25.1165
1.1695 24.5299
0.7371 23.4847
2.7906 28.0639
1.2144 24.6861
2.4861 27.1142
1.3405 24.4375
1.9393 26.1145
1.9561 26.0836
0.6668 23.3490
1.8670 26.1115
0.4844 23.1325
1.0064 24.2258
2.4724 28.4049
1.6759 25.4059
1.4015 24.5404
1.0693 24.2955
1.3437 24.8288
1.8057 25.1558
1.4330 24.8663
1.0638 24.0929
2.1026 26.0522
1.7125 25.2752
1.9972 26.3706
1.3061 24.3622
1.7393 25.7242
2.1589 27.0038
0.9979 23.6219
0.7287 22.8728
1.4192 24.8641
2.1222 26.6815
0.3694 22.6746
2.0138 26.7654
2.0893 26.4316
2.6373 28.8672
2.7112 28.7475
0.9011 24.1262
1.0061 24.8675
0.6020 23.5228
2.5792 28.1607
0.8008 23.6294
2.8094 28.5833
1.0265 24.2943
0.8633 24.5778
0.9993 24.2482
0.4269 22.8104
0.8689 23.5314
2.8299 28.8231
1.7196 25.0292
2.7196 27.3400
1.7851 25.8763
1.4240 24.9308
0.9244 24.1426
1.9832 26.1273
0.5914 23.0219
1.8135 25.5319
2.3656 26.6908
1.2658 24.6047
1.7566 25.5654
0.9868 24.0800
2.5676 27.6343
1.8305 25.7244
1.2240 25.0083
1.8668 26.0168
0.9882 24.2729
1.6953 24.9506
2.8354 27.8635
1.2006 24.2236
0.8219 23.6386
0.6054 23.0191
0.6607 23.1707
2.7517 27.2387
1.4168 24.7593
2.7574 29.3449
1.6669 25.4075
2.1371 27.4978
0.6762 23.8549
1.7509 25.4342
1.3187 25.0046
1.2393 24.3453
0.5727 23.2591
0.4008 22.2883
2.6862 28.2449
2.0086 26.7420
1.3952 25.1326
2.9226 28.2179
0.6702 23.3636
1.3791 25.2906
2.2165 27.5350
0.9116 24.4021
2.6205 28.6310
1.8847 25.7543
0.5375 23.3441
1.8244 25.9448
1.3471 25.0924
1.7448 25.4277
0.1720 21.7274
1.2466 24.5495
0.8786 23.9942
0.1419 21.9617
1.2495 24.9790
1.1304 23.9720
1.3552 24.2341
0.5198 22.6407
1.6106 25.5714
0.7968 24.1052
0.6630 23.3379
0.8303 23.7580
1.6799 25.3947
1.1976 25.1944
1.1314 24.7171
0.6801 23.8159
2.0386 25.7798
0.9765 24.2164
0.8720 23.5439
1.0120 24.5554
0.7481 23.4830
1.2072 24.6337
0.6291 23.3824
1.4007 24.5468
2.3127 26.6463
2.4326 28.1165
2.1441 26.1372
1.6961 25.3218
2.2802 27.4383
2.1705 26.4861
1.4156 25.2883
1.8645 25.0958
1.2149 24.3956
1.4833 24.5059
1.4204 24.7264
1.9892 25.2805
1.3273 24.6954
0.7037 23.4139
1.0801 24.5160
1.4243 25.1379
1.6434 25.2434
1.2614 23.6705
1.0967 24.7704
1.1774 24.1556
1.4430 24.9022
1.8245 25.2411
1.5790 24.4621
1.1455 24.2756
1.2027 24.1323
1.3508 24.2569
1.0218 23.6951
2.4472 27.9583
1.3273 24.2736
1.8270 25.9268
1.9051 25.5085
1.5688 25.3926
2.8771 28.1434
1.7807 25.0883
1.5404 24.9182
1.4197 25.0053
2.9534 28.8861
2.4059 27.1471
1.1102 24.5896
0.8200 23.7946
1.6582 25.1176
1.2397 24.8252
1.1968 24.8820
2.9692 28.0962
1.8890 25.4655
1.8863 26.2664
0.9007 23.9016
1.8624 25.6136
0.9542 24.3265
2.6569 28.3177
1.5005 25.2197
0.9321 23.9590
0.8421 23.8587
1.8654 25.8657
0.8780 24.2341
1.7228 25.6278
1.4281 24.4062
2.9137 29.7222
0.7487 23.6510
2.7497 27.5138
2.8737 29.1324
2.2242 26.9721
2.6357 27.6216
1.9370 25.6703
1.7091 25.1745
1.4786 25.1479
2.1981 26.2697
1.0644 24.3295
1.4732 25.2755
2.0918 26.5271
2.6868 27.7059
1.0305 23.8438
1.5013 24.9624
1.1949 25.1242
1.9141 26.5483
1.1826 24.0287
1.0636 24.4004
1.0568 24.0897
1.3913 25.5465
0.4998 22.9066
0.6188 23.5671
2.1112 25.7715
0.6515 23.2215
2.7088 28.2898
2.7674 29.4537
1.2982 24.6189
0.9609 24.2079
0.8752 23.9753
1.1975 24.8203
1.0500 24.6996
1.2556 24.3080
0.6912 23.7441
1.7523 25.1279
2.3550 27.1931
1.8906 26.0662
1.3469 23.8998
1.7236 25.7976
0.8200 23.9187
2.2811 26.8311
2.2160 26.9811
1.3647 24.7028
2.1166 26.1282
0.3945 22.6422
1.6702 24.8699
2.8680 28.4512
1.1856 25.4241
2.5711 27.9044
1.1069 24.4558
1.8525 25.7211
1.2082 24.5739
1.0937 24.5512
2.5401 27.6688
1.9886 26.1412
1.6503 25.4429
0.8870 23.6220
0.7679 23.8412
1.8188 25.6609
1.2249 24.4084
2.3255 26.7008
0.7669 23.4245
1.0648 24.6667
2.2742 26.4920
1.2796 24.5091
0.9807 23.7113
2.5461 27.9351
1.3701 24.7297
1.0852 24.7594
0.8926 23.9424
0.5395 23.0148
1.4593 24.6782
1.8593 25.2319
0.7512 23.3280
1.6952 25.4509
2.3920 27.1448
1.0360 24.8477
1.2608 24.4954
1.8217 26.0399
0.9162 23.4236
2.1493 27.0225
2.4221 27.9037
1.7092 25.2015
0.5349 23.1688
1.8611 25.8831
1.9157 25.7391
1.2719 24.8408
1.4893 25.2227
2.1454 26.1778
0.7644 23.9502
1.9670 25.7404
1.4422 25.3941
1.2440 25.4262
0.9588 23.8095
1.4140 25.7922
0.8002 23.6806
1.9498 26.1610
1.3113 25.3112
1.3471 24.6179
0.7755 23.7919
0.7574 23.4985
1.2692 24.8159
2.9558 29.1066
0.7924 23.7556
2.4835 27.2848
2.2084 26.9854
1.1661 24.1699
1.3923 25.1287
2.5960 27.1598
0.7150 23.5392
1.8062 25.1542
2.4080 27.4064
1.2590 24.3611
2.3391 26.5332
1.7676 25.6312
1.4623 25.0469
2.3816 27.0908
0.9225 24.3693
1.8520 25.4440
1.0909 24.3365
1.1090 24.4686
0.8929 23.6829
2.9975 29.4699
0.7141 23.5839
3.0136 29.3345
0.8108 23.8224
1.2056 24.4722
2.7688 28.2577
0.5221 22.7358
2.0609 26.1694
2.4107 26.6444
0.6118 23.3105
0.8218 24.1940
1.0922 24.5692
2.5178 27.2045
1.5577 24.5186
2.2037 26.5419
0.9902 24.6184
2.3181 26.5527
1.1943 24.4177
1.8253 26.2296
2.0779 26.6487
0.3660 22.7396
1.8843 26.7418
2.0224 26.1711
2.5978 28.5193
1.6709 25.1723
1.1419 24.6971
1.5695 24.7028
2.0493 25.7192
2.2327 25.9540
0.7812 23.9420
1.1929 24.8188
2.1196 26.2812
1.3297 24.8633
1.5178 25.5216
2.5027 26.5508
1.0206 24.0320
1.5930 25.6196
1.6397 25.3457
1.6226 25.4359
1.5670 25.0149
1.6691 25.0999
1.6111 25.4121
2.4176 26.4756
1.5286 24.7350
2.0853 25.8003
2.3785 28.4388
1.3837 24.6623
1.6861 24.9968
2.6048 27.0739
0.8243 23.7613
1.4618 25.3449
1.3994 24.6147
1.9348 26.3903
1.4890 25.0481
0.4326 22.9736
1.0670 24.5546
1.0677 24.3310
0.9911 24.1240
0.8837 24.0844
1.4321 25.2580
2.0005 25.7703
2.0186 26.0998
1.6109 25.8038
1.7561 25.1736
1.3139 24.4969
1.0858 24.1928
2.7696 28.5122
2.1123 26.4717
1.6288 25.6337
0.4388 22.8048
0.3422 22.7467
1.9691 25.7252
1.4064 25.0010
1.1383 24.5649
1.5986 25.9495
1.1957 24.6634
2.0846 26.0043
0.8353 23.6569
0.7840 23.8537
0.7457 23.4229
2.2964 26.9464
0.7302 23.6104
0.5722 22.8848
1.7428 25.4599
1.4758 24.8584
0.4043 21.4924
0.8219 23.3862
0.7718 23.5842
2.7196 28.0627
0.7106 23.9193
1.7624 25.6328
1.2471 24.7445
2.7033 28.2936
1.2644 24.6972
0.6067 23.3951
2.0150 26.0419
1.3534 24.4579
1.1578 24.3769
0.8839 24.0348
0.6623 23.0469
1.5971 25.4798
0.6994 23.1961
1.9335 25.5064
2.2312 27.0876
2.2597 26.5505
1.0353 24.3006
0.7988 23.5980
0.6081 23.3314
1.0955 24.4370
1.5881 25.3145
3.0231 29.3365
1.4054 24.7589
1.3288 24.4018
1.1569 24.3107
1.5857 25.0583
0.9000 24.1625
2.6440 27.2326
1.3012 25.1387
1.5414 24.8948
1.4773 25.2171
0.6507 23.1934
1.0167 23.8858
1.2128 23.8686
1.8472 25.9049
3.1430 30.3982
2.0954 26.0154
1.0974 24.4037
1.9855 26.1845
2.4850 26.7641
1.4823 24.7210
1.6644 25.4018
1.8402 25.0723
0.5876 23.2810
1.1361 24.4619
0.6989 23.5288
0.5295 23.3874
0.9484 24.3926
1.8988 26.3956
1.2479 24.3992
2.7457 27.7569
2.0273 25.9741
1.2398 24.5902
1.7169 25.0132
0.3714 22.4873
2.3981 26.7045
1.6144 26.0176
1.1970 24.7553
0.9666 23.6523
2.9496 30.7350
1.5658 24.9913
2.8328 28.9858
1.3499 24.3762
0.7951 23.7858
1.6860 25.2169
1.3323 24.8131
1.2263 25.3525
0.9963 24.4656
1.1535 24.5160
2.2801 27.4296
1.1844 25.2064
1.3280 24.3002
0.8266 23.9987
2.1635 26.7630
1.3619 24.6155
0.2175 21.7693
1.4773 25.2771
0.8035 23.8739
0.6720 23.4966
1.2662 24.1477
1.9790 26.4186
2.6110 27.3106
1.9342 25.7862
1.9244 25.2944
1.3807 24.7226
1.4913 24.7728
2.8477 29.1392
2.2271 26.0001
1.4993 24.8063
0.4303 22.7968
0.8249 23.5593
1.0072 24.3684
1.3706 24.4118
1.2850 24.5883
1.9571 26.4456
0.7428 23.4602
1.3561 24.6939
2.8597 28.5411
0.8310 23.6883
1.7781 24.8462
2.3326 26.5791
1.7480 25.5361
1.9952 26.3769
1.3380 24.7656
1.9308 25.5699
1.4492 24.7711
2.5287 28.1011
2.0968 26.8174
2.3439 28.0123
1.5788 24.7432
0.6518 23.5411
1.5504 25.7262
0.5555 23.1747
0.4925 22.6391
0.8120 23.7029
1.0369 24.1830
0.3671 22.5033
2.6036 27.9016
2.4884 27.0191
1.2336 25.0162
2.2602 26.1763
1.4049 25.3513
1.4893 24.7123
0.6825 23.7692
2.0209 26.5622
2.5477 28.4242
2.3373 26.5109
0.6911 23.4682
1.2907 24.4251
0.1064 21.2265
2.8160 28.0110
2.4748 27.0403
0.7756 23.8049
1.5117 25.1317
0.9281 24.4114
1.7951 25.6083
1.6022 24.7174
0.8501 24.0174
2.3782 27.0376
1.3425 24.7600
0.6978 23.3633
1.5062 24.9085
0.5967 23.0551
2.3100 27.7045
2.2488 26.5582
2.6772 28.1723
1.2022 24.7548
1.2507 24.2753
1.4470 25.3021
2.5289 27.2115
1.3854 24.8388
1.4993 24.8685
1.4924 24.8219
1.5034 24.9747
2.7306 27.5533
1.3327 24.3884
1.4144 25.2007
1.6347 25.3231
2.5588 27.5348
1.4839 25.0657
1.0683 24.5341
1.4114 25.0732
1.4895 24.6927
2.5810 28.0948
2.2958 26.3832
1.0489 24.1091
1.8058 26.0845
1.8971 25.8617
1.6897 25.0369
1.3034 24.4440
1.1343 25.1308
0.8580 23.8851
0.4530 23.2179
2.2096 26.7834
2.4373 27.3829
1.6810 25.1296
1.3990 24.5298
2.4120 26.7150
1.7889 26.1744
2.1150 26.5987
1.5540 24.7036
2.4366 26.3672
1.6374 24.3994
0.7743 23.8418
0.3648 23.0795
1.5776 25.7868
0.8301 23.8114
2.4611 27.3491
0.6801 23.2275
1.9284 26.0303
0.7985 23.6400
2.0292 26.4170
1.1442 24.1848
0.3417 22.6587
0.2774 21.9918
2.6112 27.8267
0.9103 24.1226
1.2434 24.3478
2.0260 26.0772
2.6754 29.4156
2.1771 26.6665
0.9605 23.8374
1.5968 24.6296
1.1495 24.3469
0.6439 23.5021
1.9215 26.1265
1.1424 24.2949
0.8976 24.3162
1.7352 25.6580
0.8030 23.7267
1.2448 24.8562
3.0196 29.4840
2.4934 27.1073
1.6956 25.2816
1.3804 24.9354
2.6939 27.7168
1.9355 25.6092
2.6902 28.0061
1.3464 24.8894
2.0784 26.8235
2.1536 26.6925
1.3176 24.9727
1.5353 24.4005
0.4469 22.4678
2.4715 28.4990
0.8564 23.8386
1.0094 24.5300
1.0956 23.9618
1.0981 24.3493
1.4584 25.1454
1.0463 24.5108
1.5552 25.2414
1.6117 25.0753
2.1743 26.9458
1.9984 26.0875
0.2593 22.8572
2.6348 27.6908
2.4946 28.1372
2.0106 25.6543
0.9604 23.9491
2.0366 25.6624
2.6865 27.5417
1.3537 24.6596
2.3620 26.4244
1.0124 24.3305
0.5131 22.9092
1.8626 25.4945
2.0406 26.1519
1.5366 24.7227
1.0237 23.8554
2.1184 26.6947
1.3175 24.8772
0.4636 22.9815
0.6768 23.4002
1.0053 24.3199
1.4239 24.7032
1.3530 24.9064
2.6121 27.1896
0.5594 23.1984
2.0554 25.8396
0.9766 24.2354
0.5615 23.3939
1.4674 24.7512
2.0526 26.3640
1.1910 25.0601
2.2665 26.9578
1.6990 25.1323
2.1008 26.3269
1.8499 25.7583
1.5801 25.1873
2.2811 27.5322
2.1779 26.3222
1.9862 26.0205
0.2877 22.1690
1.7935 25.9424
0.2271 21.3900
1.2296 24.5543
1.1152 24.3825
1.3076 24.3693
1.7919 25.9184
2.1646 26.8968
2.2536 26.9706
2.2808 26.4151
0.8289 23.7095
1.5702 24.9648
1.7578 26.0528
1.4244 24.9212
1.3450 25.2215
1.3741 25.0899
0.8377 23.6067
1.6593 25.7949
1.9733 25.7638
2.0188 26.2972
1.0496 25.0356
1.4493 24.4092
1.8141 25.4140
1.4258 25.7661
1.6755 24.7726
1.8814 25.5594
0.8536 24.0053
2.0287 26.7623
2.4889 27.5727
1.5259 25.7394
1.4276 24.5660
1.3816 24.8549
1.0010 24.2017
0.8997 24.0676
1.2343 24.4408
0.9840 24.5535
1.3172 24.5992
1.1250 24.8564
1.9590 26.5555
2.0420 27.0627
1.1895 24.5119
0.6177 23.2622
1.0712 24.0809
0.9114 23.7618
1.4054 24.9592
2.3066 27.4550
1.4397 24.8054
1.9821 25.8374
0.3851 22.2141
2.8454 27.7351
2.0951 26.1507
2.2785 26.2533
0.9504 24.5741
0.8295 23.7204
1.6129 25.1026
1.5842 24.6378
0.4693 23.1644
2.0703 25.9694
1.5436 24.8922
2.2895 26.8030
0.9486 23.7355
1.3268 24.9325
2.0640 26.0553
2.4488 27.2836
0.7072 23.5403
1.3174 24.2593
2.4975 27.5627
1.7558 25.3307
2.5326 27.2238
1.6594 25.7912
0.9142 23.8101
2.2549 26.5628
0.2267 22.4274
2.6350 28.5670
2.5707 27.3782
0.4239 22.9976
1.0801 23.9015
1.1287 25.3329
0.7595 23.2201
2.4957 26.2730
2.1987 26.7757
1.4003 25.6267
1.2137 24.8449
1.1910 24.8721
1.6084 24.6080
1.6947 25.2974
2.1496 27.1089
1.4138 25.1826
0.8813 24.1011
1.3938 24.3416
1.5987 25.2543
2.1302 26.6705
1.1129 24.1435
0.3377 23.1146
1.9126 25.6858
1.2512 24.7345
1.1893 24.4766
2.7336 28.9011
2.8376 28.2258
0.8773 23.8649
0.5974 22.9642
2.2040 26.1698
2.6169 28.0826
1.3042 24.7634
1.6296 25.1636
1.1480 24.7814
0.8844 24.2556
1.3986 24.6810
1.6831 25.8676
1.6111 24.9308
1.2772 24.1179
1.9531 25.7825
1.5711 25.7378
0.7236 23.3178
0.8335 23.8642
0.8873 24.3063
1.1466 24.6078
1.7783 25.5854
2.0375 26.6029
1.5179 24.5812
1.2694 24.1894
2.8768 28.2711
0.8366 23.7126
2.0817 26.6762
2.7730 28.9993
1.7144 25.4501
2.1884 26.5393
2.1226 26.0718
2.6737 27.9200
2.2085 26.3219
2.3136 26.1443
1.7586 25.6142
1.9367 25.9170
2.5440 27.3371
0.8698 23.9060
1.5458 25.1094
0.3456 22.8281
1.7114 25.7247
1.1096 24.4164
1.2360 24.6470
1.8090 25.4690
2.6623 27.1586
1.8018 25.5550
1.0415 24.2304
1.5772 25.1290
0.8783 23.4863
0.1171 21.9999
0.7583 23.7888
0.9314 24.2742
2.2586 27.2925
1.3077 24.7206
1.5285 24.9964
1.9830 26.4039
0.5730 23.3365
1.0626 24.2984
1.3318 24.4306
1.2965 24.6718
1.4019 24.8872
1.9104 25.4573
0.3495 23.1649
2.0169 27.0069
1.3222 24.6878
2.7122 28.1690
1.9720 27.1607
0.9286 24.5213
1.4999 25.0196
0.8357 23.7456
1.4478 25.1778
1.4920 25.1121
1.1042 24.1294
0.8944 23.8338
0.5282 23.2822
2.9061 28.1315
2.2326 27.3538
1.0424 24.5738
2.7783 29.0913
1.3474 25.1392
1.3722 25.0086
0.6514 23.7864
0.9171 24.3645
1.6012 25.7022
0.8008 24.0263
2.2470 26.3906
0.8708 24.3315
0.6437 23.2169
1.3285 25.0256
1.2928 24.3577
1.1362 24.6971
1.8347 25.3554
0.5327 23.0696
0.7887 23.7511
1.0706 24.0838
2.5432 27.1313
1.8214 25.4117
1.5719 24.8613
2.2073 26.0486
1.6435 24.8830
0.0953 21.5661
0.8210 23.5549
1.8536 26.4466
1.4254 24.8393
2.9651 28.4638
2.0900 26.1771
2.5559 28.3700
2.4299 27.1980
1.1412 24.1756
1.4328 24.6714
1.1471 24.2349
1.9153 26.8300
1.3096 25.0721
1.6814 25.1640
1.1617 24.6796
1.4331 24.9511
1.3104 24.4261
1.6961 25.0516
1.7081 24.7706
1.8294 25.6578
1.3758 24.8244
1.7768 25.4090
0.8615 23.5245
1.0679 24.2296
0.8141 24.2745
1.8082 25.7237
0.9459 24.1304
1.5717 25.0564
0.3024 22.6139
2.2252 27.4291
1.9626 25.9293
0.9268 23.7907
2.4235 27.4262
1.4555 24.9613
0.8695 24.0414
1.1259 23.7455
1.6049 25.2238
0.8186 23.7720
1.1840 24.9387
2.6207 27.0509
1.0824 24.3911
1.1481 24.7388
1.4629 24.6214
1.5375 25.5089
1.3419 24.9698
2.2867 27.3528
0.8884 24.1802
2.1043 25.6813
1.4358 24.8463
2.0484 25.8161
2.1938 27.0534
1.0600 24.3534
1.5724 25.3849
0.6620 23.5884
2.6900 27.1488
2.2943 26.3377
0.6222 23.2427
1.8784 26.4139
0.8550 24.1499
0.7885 23.5853
0.4677 22.9007
0.6689 23.2502
2.3868 27.4626
1.2357 24.1439
2.6384 27.4127
1.1589 24.5447
0.9223 24.4956
1.1886 24.4777
0.5321 23.4241
2.6968 27.4392
0.9796 24.5735
0.9807 24.1295
3.0238 29.9772
2.6104 27.2770
1.9571 25.9611
1.3125 24.4792
1.8216 26.0583
0.3919 22.6482
2.2984 27.3519
2.0199 26.3579
1.6290 25.5135
1.4065 24.5212
2.0646 26.3372
1.8961 25.1416
0.9529 23.9059
1.8644 25.7147
0.9060 23.6442
1.9503 25.5599
0.3775 22.4440
2.5233 27.7480
0.8889 23.8573
0.3967 22.7395
1.2364 24.7028
3.0713 30.0918
1.1835 23.9839
1.1043 24.0427
2.2298 26.2426
1.8149 25.0811
0.8212 23.7044
2.6980 28.6829
0.9050 24.1213
1.4475 25.1494
0.9372 23.9830
0.9658 23.7807
1.9342 25.8721
1.0386 24.3133
1.0345 24.5598
1.1664 24.7537
2.1595 26.9264
1.0797 24.2395
2.1222 26.8445
1.6189 25.0412
0.9866 23.5024
1.6527 25.0135
1.1462 24.4414
0.5971 23.0744
1.4920 25.0387
2.1282 26.1931
2.1811 26.8237
0.6157 23.2466
1.6833 24.9475
2.7665 28.2065
1.1341 24.4858
1.7712 25.7431
2.1667 25.8210
2.6165 27.5252
2.5800 27.4782
1.7575 26.0270
2.6452 26.3001
1.0715 24.2035
2.2855 26.9724
2.0671 27.1874
1.3524 24.7030
0.2230 21.9799
1.6857 25.4213
2.6781 29.0647
2.2278 26.2903
1.1454 24.6713
0.3249 22.9096
2.9557 28.4548
1.6492 25.0524
2.0180 26.6463
0.5513 23.2132
0.9308 24.0313
2.6662 28.2494
1.0610 24.4661
2.4427 27.3255
0.9163 24.2704
1.2900 23.9258
2.6943 28.0000
1.0823 24.1048
1.0083 24.2603
0.2574 22.6732
1.5043 25.1161
2.5043 27.6073
1.5967 24.8181
2.0810 26.7664
2.7415 30.1876
0.8111 24.2343
0.7325 23.6960
1.8970 25.2198
0.6808 23.6759
2.7356 28.5955
1.8273 25.5709
2.9742 30.0395
0.9169 23.8787
1.1232 24.4630
1.0845 24.4245
0.8002 23.9078
1.5445 24.8460
0.7223 23.6360
1.4673 24.5064
3.0001 30.5225
1.7699 25.1570
1.8204 26.0401
1.5391 25.1685
1.7827 25.2840
2.5775 27.4889
1.1670 24.5439
1.0065 23.9115
1.5641 24.4732
2.6030 27.0951
2.6629 28.6634
1.5347 24.7690
1.0314 24.5881
2.0697 25.9054
1.5295 25.0999
1.6826 25.6260
1.2936 24.6545
1.2251 24.7422
1.5753 25.4995
1.3317 24.9978
0.9634 24.5011
1.5205 24.9962
1.3133 24.0055
1.0274 24.3363
0.8597 24.0176
1.4981 25.0267
1.0212 24.4153
1.4047 25.2113
1.8928 25.9114
1.4504 24.5785
0.7662 23.8897
2.9307 29.1505
1.4339 24.9914
0.0902 21.8253
0.8546 24.0271
1.1783 25.1378
2.7542 28.1816
1.7717 25.6718
1.6107 24.8858
0.8654 23.6397
2.1856 26.9082
1.9157 25.6524
1.1092 24.4104
1.4004 24.6563
1.2006 24.4223
1.4560 24.8421
1.1524 24.7606
0.8083 23.6430
1.0731 24.4612
1.2012 24.6574
2.2982 26.1502
1.4074 25.0992
2.2560 27.1187
2.9539 28.2422
0.8050 24.1568
1.2465 24.9026
1.1776 24.4799
2.0056 26.1819
1.7541 25.5636
0.6952 23.5235
2.8690 29.1593
0.8576 23.8043
1.6696 25.6957
1.1900 23.7514
1.5781 24.9984
2.0090 25.8251
1.0322 23.8763
0.8034 24.0560
0.9343 24.1907
2.6833 28.5582
1.1487 24.8666
0.8755 23.8721
1.6312 25.6410
0.8156 23.5252
1.7392 25.3586
0.6039 23.0830
1.0896 24.0974
1.4957 24.5962
2.0783 25.9604
1.5419 24.9940
2.3342 27.2189
0.6517 23.0758
0.6895 23.6320
2.3513 26.9040
2.2049 27.3353
0.5741 22.8885
1.2040 24.5783
2.2225 26.2413
0.7264 23.3251
1.7306 25.4914
1.7115 25.3178
1.3096 24.7556
0.7562 23.6703
1.9663 26.4282
2.1066 25.6759
2.1971 26.8919
1.2435 24.7740
1.2637 25.2828
1.5207 25.4944
1.5900 25.8204
1.3940 24.7889
2.1092 25.7844
1.5398 24.7430
1.0393 24.2490
3.0692 29.6893
1.0562 24.4910
0.9020 24.1135
1.4890 25.0282
0.6148 23.4312
0.9234 23.7193
0.9556 24.1528
1.6582 25.4331
1.8039 26.2273
1.4079 24.8865
0.6157 23.2291
2.4882 27.5925
1.3355 24.6756
1.3584 24.7971
0.7192 23.8304
1.3988 24.6368
1.0784 24.2573
0.7302 23.5719
2.0030 25.8561
1.2489 24.3397
2.3832 26.6596
1.6757 25.1930
2.0690 26.2587
1.4749 24.8326
1.9805 25.5349
1.6414 25.4072
1.4766 24.6828
2.2302 27.3179
2.1295 26.4363
0.2465 22.1178
1.3508 24.6611
1.7427 25.1302
0.1232 21.7885
2.7005 28.8686
2.6082 28.4136
0.6358 23.4350
2.4502 27.4752
0.2092 22.1235
2.5103 27.6232
0.5766 23.1685
1.3050 24.4866
1.5099 25.1275
2.6631 27.6193
0.9301 24.0279
2.6301 27.9449
0.1343 21.7331
0.9398 24.3622
2.1092 27.2909
1.8596 25.4919
1.9281 25.8387
1.7668 25.2450
1.2377 24.4636
2.5641 28.2426
0.5567 22.9812
1.7444 24.9605
1.6950 26.0525
1.6825 25.1752
1.8713 26.8219
0.7613 23.7588
1.1948 24.7189
1.8820 25.8493
1.1934 24.9229
1.8954 25.8446
1.5444 24.6996
2.1575 26.0838
1.8458 25.2247
2.0459 27.0675
1.5385 25.4154
0.9805 23.8342
2.9523 30.8677
2.9602 28.5332
1.2731 24.4186
0.8367 23.8831
3.0579 28.0558
2.0120 25.4257
0.9548 23.9415
0.6705 23.3543
1.8915 25.2695
1.1084 24.0260
1.0825 24.3694
0.9909 24.1489
2.9521 28.5509
1.7071 25.0380
2.2423 27.2205
1.6584 25.2946
1.3210 24.7519
0.8510 23.7822
1.1599 24.4960
1.9757 25.1188
2.0236 25.7587
0.7209 23.4600
1.5514 24.7985
2.3488 27.1829
1.4777 25.2838
1.0588 24.6597
2.8923 28.8920
0.8242 23.9523
1.6476 25.9334
0.8246 23.7548
0.7124 23.0787
1.6672 25.2467
2.3689 27.3378
2.6751 27.8027
2.1517 26.4804
2.1804 26.7949
1.3473 25.0525
1.4326 24.6043
0.3669 22.9674
1.1878 24.5273
1.2494 24.0826
2.4492 27.0224
0.9466 23.7412
1.5702 25.2957
0.6880 23.7886
1.7965 25.4896
1.2981 24.3665
1.2337 24.5026
2.8769 27.8430
1.3807 24.6550
1.1006 24.9618
1.3039 24.9488
2.5469 27.3245
1.4532 24.6886
2.0449 26.1457
2.0261 25.9842
0.8570 23.7379
1.0167 24.4425
2.3129 25.8696
1.7977 26.2918
1.4402 24.4423
1.0181 24.6866
0.9404 24.3816
1.9277 25.4120
1.5640 25.6551
2.4882 27.0877
0.9886 23.9186
1.1759 24.0275
0.4206 22.2490
1.2245 24.5704
0.9426 24.0292
0.6983 23.5800
2.0808 26.6612
2.8035 27.8994
0.6343 23.3271
2.3990 28.4711
2.6939 27.9527
0.9509 23.9206
1.2843 24.2188
2.1820 26.9876
2.5370 27.5325
2.1700 26.5462
2.3760 27.4257
0.7819 23.9434
1.1090 24.1988
1.7437 25.5410
2.3096 27.4212
1.8683 26.1806
1.6844 25.5455
1.3533 24.6192
2.2784 26.6867
1.4606 25.1725
1.6191 24.9754
0.2677 22.3196
1.2516 24.1305
1.1353 24.3315
1.8615 26.4012
1.8071 25.3000
2.6293 27.9913
1.7681 26.0339
0.4880 22.9145
1.9140 26.3508
2.2463 26.0846
2.8553 28.5379
2.9571 29.2002
0.9526 24.2750
1.3380 24.5739
1.8695 25.9737
1.5782 24.8903
1.0319 24.4714
0.9832 24.0663
0.7230 23.4847
1.7808 25.7600
1.9337 25.5230
1.4667 25.0347
2.7911 28.0419
0.5736 23.0920
0.9373 23.9950
1.1832 24.3070
1.4575 24.2909
0.7321 23.6815
2.3750 27.4228
2.5510 27.4519
0.8828 23.6938
2.7113 27.1126
0.3811 22.8034
1.5509 25.2253
0.7946 23.4541
2.0221 26.3411
2.0367 26.0687
2.0117 25.4527
1.1229 24.3414
1.2337 24.7347
0.5273 23.1929
2.8332 29.6790
0.7917 23.6945
1.1128 24.2133
1.0544 24.6589
0.6991 24.3624
0.5826 23.4868
0.5317 23.5646
0.4837 22.9104
0.9460 24.0923
2.2032 27.1377
2.6320 28.3154
1.8137 25.5111
2.5556 27.8552
1.3087 24.6884
0.6536 22.9948
1.4168 24.7881
0.2414 21.0122
1.9408 25.6148
2.3880 26.5030
0.7407 23.5738
0.4873 22.8847
1.9839 25.8089
1.7328 25.1203
1.8936 26.0481
0.9682 23.9161
1.6122 25.2155
1.5228 24.7012
2.4727 26.6632
1.5556 25.4221
0.9181 23.6428
1.3461 25.2826
1.9744 26.4105
1.9049 25.9175
1.1231 24.5888
1.0422 24.0058
2.3920 27.2370
2.9741 28.8118
1.5893 25.2399
0.9251 23.5148
1.0315 24.1108
0.4748 22.9865
1.9627 25.9758
2.6564 27.4923
2.1731 27.0102
1.0886 24.1305
2.0139 26.7362
1.5869 25.0413
2.4899 26.7109
1.5120 24.6439
2.2713 26.9730
1.4064 24.6539
1.1528 24.6821
1.4354 24.9903
1.7860 25.3367
1.6183 25.4886
1.0242 24.0351
1.3614 24.5724
0.9418 24.3606
2.0699 26.7137
0.4637 23.2958
2.1983 26.3799
1.7876 26.1701
1.9565 26.0486
1.3827 24.8409
0.7593 23.6643
2.9435 29.3452
1.4937 25.3608
0.4273 22.8919
0.6118 23.6075
1.6262 25.2055
2.2574 26.8189
0.7437 23.6224
1.3687 25.1744
1.9470 26.3417
2.3393 26.4071
1.1151 24.3952
1.4972 24.8253
1.8268 25.6897
2.7852 29.4418
2.8251 27.4634
2.8508 29.8714
1.5616 24.7833
1.5390 24.6995
0.7985 23.5037
1.6746 25.2842
3.0612 29.2723
2.0305 25.7737
1.9509 25.8731
0.3833 22.4060
2.3749 26.7699
1.6516 25.2873
0.3093 22.8940
0.9740 24.7495
1.9739 25.9708
0.8757 23.7661
1.6201 24.9885
2.8417 28.8128
2.2320 27.2783
1.7963 25.1932
2.0048 26.5782
2.4307 27.8024
2.6664 28.4337
1.2942 24.5575
1.8115 25.6446
0.8536 23.5820
2.9514 29.0090
1.1593 24.3334
1.6334 25.7451
0.5961 23.2205
0.8158 23.9585
1.0807 23.7476
2.3100 27.5897
1.1734 24.6867
0.7941 24.0955
1.7778 25.2294
0.7606 23.6727
2.7946 27.9977
2.3051 27.5446
2.7713 27.8543
2.7525 28.2324
1.4558 24.4984
1.7965 25.1611
2.3824 27.3484
1.4334 25.4052
1.0044 24.0934
1.1488 23.9910
0.2395 22.7038
1.1386 24.5141
1.1409 24.3420
1.2337 24.7461
1.1224 24.2249
1.1461 25.0265
2.7551 28.7329
1.4402 24.3166
1.8999 26.6221
2.0706 25.8762
0.8328 23.8726
1.6154 24.6257
1.4663 25.2316
2.3788 27.4937
0.7249 23.5088
0.5449 23.2530
2.0772 25.9914
0.8027 23.9009
1.2494 24.7309
1.4418 24.4116
1.9723 26.1406
0.8835 24.1204
1.0034 24.5219
2.1175 26.3771
1.5209 25.0535
0.5224 23.0428
1.4564 24.7950
1.2615 24.3794
1.8940 25.2195
0.6313 23.3835
0.7594 23.3839
2.4008 26.5642
1.2744 24.5237
0.8996 23.6887
1.1845 24.4998
2.5495 27.4951
0.5171 23.2978
2.3734 26.8991
0.7638 23.4488
2.5914 27.2731
0.8678 23.5699
1.8218 25.8851
1.8437 25.7430
2.3519 28.2628
1.0835 24.2290
0.9450 24.4794
1.3373 24.5678
2.0929 25.6899
1.2402 24.2384
2.1286 27.5656
0.6940 23.1535
2.1254 25.8046
2.0266 27.0763
2.6246 28.7445
2.1109 26.4142
2.5687 27.0557
1.1676 24.5662
0.2939 22.4190
1.2612 24.2376
0.6569 23.2193
1.2979 25.0994
2.0755 25.7919
0.9650 24.3538
3.0099 29.6950
1.4400 24.9586
1.7719 25.7122
1.2534 24.2632
1.0006 24.5787
2.9808 29.1429
1.2856 24.5167
2.1095 26.4297
0.6661 23.5519
2.2433 26.7054
1.3854 24.9615
2.4273 27.4776
2.6784 27.8777
0.5907 23.1570
2.1418 27.0360
2.1341 25.9467
1.9337 25.4241
2.7467 30.1412
1.3372 24.5733
1.4303 25.2770
0.5256 22.6900
0.8707 24.3029
1.1412 24.6484
1.4439 24.9330
1.2674 25.3429
1.6470 25.2316
3.0175 29.8373
1.6473 24.9914
0.6161 23.1843
1.7665 25.5399
1.6745 25.0225
0.8982 24.1165
2.5552 27.9737
1.0340 24.4318
2.5542 26.7941
0.9983 24.0225
1.6361 25.1513
1.4021 24.9635
0.4039 23.0576
0.5523 23.1736
1.5631 25.0781
2.0911 26.8186
2.1544 26.5813
2.0146 25.9254
1.8644 26.2031
1.0638 24.0892
1.0435 24.0185
2.1717 26.7105
1.3478 24.7375
0.5874 23.0952
2.0368 26.2463
2.4288 26.5415
1.9341 25.7042
1.7027 25.9063
2.8239 29.4216
0.5098 22.8854
0.9274 23.7253
1.9634 26.2085
0.5908 23.3228
1.0466 24.3366
2.0898 25.8768
3.0417 28.2047
1.6810 25.1192
1.1085 24.5763
1.8874 25.5042
1.3904 24.7380
1.8677 26.0743
0.8689 24.1722
2.0994 25.8564
0.8085 23.7023
1.3773 24.4701
1.0091 24.3815
2.6704 27.3416
1.8588 24.9651
1.1827 24.6118
1.2205 24.7068
0.2791 21.9498
1.1100 24.2585
2.3227 26.9078
2.0688 26.1114
1.8025 25.7468
1.7219 25.6976
1.9359 25.5674
1.9091 27.1007
2.0051 25.9895
1.8735 26.1038
0.9665 24.7273
2.3994 26.7251
2.2507 27.1387
1.7821 25.1395
2.5853 27.0872
1.1472 24.2977
1.6142 25.6149
2.3752 27.0134
2.1827 26.8945
0.7387 23.7569
1.9033 25.4883
2.4414 27.2736
1.2897 25.7319
1.0756 24.8119
1.1540 24.5338
2.0211 25.8663
1.5051 24.6947
1.3213 24.7973
1.3777 25.3357
1.8681 25.7600
1.5488 25.0000
1.7073 25.4696
1.8602 26.1902
1.6744 25.6316
0.5016 23.2884
0.5679 23.4878
0.8961 24.1172
1.1396 24.3440
2.7904 28.9624
1.7868 25.9028
2.9237 29.5263
2.6025 27.6795
0.6112 23.3911
1.0800 24.5993
1.0707 24.1024
2.6403 27.3173
1.4081 25.7476
0.2297 22.4082
1.3292 24.5120
0.6049 23.3844
2.2847 27.8006
1.4889 24.4652
0.6720 23.6361
0.7534 23.7016
1.8690 25.6512
1.0961 23.9905
1.9675 26.4192
0.2647 22.1965
1.5859 24.5973
0.9319 24.2299
2.7332 28.1690
1.1716 24.1755
1.3713 24.6114
0.3448 22.0048
1.2836 24.2673
0.8778 23.9413
0.8621 24.1101
1.7637 25.6793
1.8047 25.2354
0.8683 23.7527
1.1102 24.4703
1.4136 24.7655
2.1485 26.3867
1.7284 25.6606
0.7246 23.7993
1.9935 25.6982
2.8367 29.1727
2.5069 26.3385
0.5375 23.5266
1.5546 25.2448
0.4021 22.9055
2.2734 27.0371
1.9596 26.3652
1.2974 24.5968
1.3005 24.5833
2.2861 26.9109
1.6949 24.9492
0.8224 23.7086
1.9973 25.9901
0.9804 24.3367
0.7729 23.7699
1.4441 24.7754
1.6865 24.9707
2.2815 27.3654
1.8031 25.7312
1.0554 24.1559
1.0337 24.6583
1.5884 25.2835
0.7529 23.4934
1.4146 25.4223
0.3794 22.8007
1.1379 24.5485
1.8375 25.5770
0.8724 24.0131
2.0735 26.3422
1.9816 26.4990
2.0585 26.2856
1.4043 24.8291
1.8029 25.4762
1.0106 24.0188
1.5354 25.5435
2.5053 27.5812
0.4283 22.8705
2.7620 28.8663
1.4359 24.3988
1.5160 24.7585
0.6734 23.7872
1.6679 25.4381
2.6678 27.5483
1.2407 24.8920
2.3413 27.4113
1.6429 24.7798
0.8962 23.8688
2.6274 27.1818
1.5307 25.0048
2.2444 26.5882
1.9380 26.0068
1.5998 25.5044
0.4146 22.4993
2.7345 29.0440
1.5860 25.0582
0.5365 23.3091
1.4478 24.9974
1.5037 25.1777
2.2040 27.1632
1.0192 24.4128
0.4705 23.1282
2.0747 26.6490
1.0825 24.4050
1.1517 24.6278
2.7865 27.1015
0.9786 24.1119
2.1667 25.6367
0.9752 24.3674
2.1822 26.4660
1.9172 25.5861
1.1559 24.6885
1.2399 24.5991
2.5969 28.4108
1.6486 26.1030
1.3713 25.1070
1.9052 24.9795
2.7144 28.0636
1.5441 25.2308
1.4418 24.3407
1.2131 24.1327
1.5769 25.8575
2.4501 28.1009
1.1946 24.4906
2.7635 29.1161
0.9184 23.9386
2.8199 27.1811
0.9932 23.6952
1.1802 24.1701
1.6559 25.4418
2.3031 26.7794
1.2612 24.5708
1.0606 24.6138
0.7840 23.7305
2.1751 27.8903
0.9066 23.5066
1.3813 24.6650
0.4758 22.9388
1.6037 25.0000
2.4979 28.6098
0.5536 23.1498
1.7618 25.3876
1.5433 25.2168
2.4151 27.0057
2.0971 26.4930
1.4460 24.8866
1.1662 24.3767
1.2893 24.7282
1.4686 25.1306
1.4774 25.1432
1.3262 24.6360
0.9931 24.0671
1.4111 24.5847
2.8517 29.5819
1.7508 25.3303
1.5382 24.9853
2.1889 27.5120
0.8722 24.0743
0.9143 23.8645
2.6329 27.4514
1.4568 25.1053
2.3246 27.0373
2.9236 29.0352
2.5466 27.6548
1.6911 24.9594
0.7191 23.7397
0.6957 23.3495
1.6912 26.2766
1.0190 24.2786
0.5154 23.2006
2.4392 27.1996
1.9603 26.1972
0.7162 23.0948
1.0346 24.0146
1.5604 25.6976
1.2032 24.4577
1.7977 26.3994
2.0933 26.7238
0.9108 23.9402
2.6534 27.1605
2.1800 26.6324
1.0848 24.3015
0.8891 23.6292
0.4511 22.9907
1.6794 25.6171
0.8470 24.1539
1.0915 24.2354
2.3734 26.7311
1.5893 25.4664
2.2812 26.5130
1.4979 24.8744
1.5528 25.0964
2.2018 27.2529
1.2385 24.6516
1.3843 24.4306
1.5606 24.7093
2.3532 27.0941
1.4065 24.9352
1.4307 24.2881
1.1011 24.0868
1.6377 25.2180
1.1712 24.3025
2.6749 27.8896
1.2137 24.6251
1.0001 23.8649
2.1158 27.3220
2.4383 27.1626
0.7060 23.2608
2.6540 27.3591
1.5527 25.1443
1.8212 26.4890
1.0860 24.0462
0.7806 24.2546
0.6547 23.1433
1.3113 24.3301
1.4495 24.9174
0.6700 23.7075
2.6404 26.9184
1.1901 24.9773
0.9446 23.7471
1.2517 24.7040
2.2644 26.6076
1.5391 24.9581
0.8188 23.8563
0.4562 23.1070
0.8073 23.2834
0.9106 23.9731
1.4794 24.6014
2.1929 26.1066
0.6133 23.0044
1.8004 25.9672
2.7094 27.7835
1.5999 25.5797
0.2584 22.4260
1.0215 24.6047
0.9134 24.1659
1.4997 24.8335
2.0799 26.4819
0.6408 22.7013
1.5033 25.2125
1.1110 24.2916
1.3066 24.6052
1.5979 25.1426
2.4003 27.3514
2.2999 25.6839
0.6391 23.8391
1.9391 26.0042
1.1104 24.0654
1.6886 24.7663
0.6943 23.6761
2.6845 27.9335
2.4690 27.9288
1.0901 24.5103
0.5318 23.1686
1.4595 24.4553
1.6793 25.3047
2.1292 26.0853
2.1712 26.9690
1.0976 24.8937
0.8112 23.6617
2.3036 27.4361
1.6307 25.1422
0.4550 23.2107
1.6239 25.6698
0.5655 23.1149
1.5768 24.9970
2.5377 27.0422
1.8438 25.4481
0.8397 24.0095
0.9466 24.1301
1.4834 25.0113
0.7427 24.0667
0.8565 23.5643
1.5877 25.4847
1.7275 25.0584
1.6535 25.1844
2.6220 28.7279
0.8868 24.0221
1.2645 24.7705
0.6884 23.5394
1.7092 25.3805
1.3428 24.3708
1.4849 25.1408
1.0731 24.0956
1.3382 24.7929
1.1466 24.6121
1.6583 25.2496
1.9409 26.2440
2.2636 27.4288
0.7780 23.7410
2.1410 26.0536
1.9959 26.2268
1.7626 25.1770
0.8528 23.7285
1.6423 25.6616
0.8287 23.6480
0.8973 24.1083
2.5617 27.8751
1.0137 23.7689
1.1643 24.3285
2.6935 27.6562
1.5482 24.9403
0.6343 23.3938
2.1078 26.7934
1.2019 24.4140
1.6644 25.7918
0.7241 23.5581
1.4515 24.8405
0.6207 23.5198
1.7653 25.7957
2.8393 29.2761
2.8275 28.6504
2.9386 28.4278
1.4326 24.7930
1.1238 24.5583
1.6277 25.6075
0.8104 23.6669
2.1213 26.9710
2.7927 29.3027
2.8068 28.1425
0.9999 24.5889
2.3414 28.4517
2.5436 28.2824
0.7309 24.1846
2.4405 26.9779
1.7871 26.5319
1.3446 24.4952
1.9816 25.6515
1.7186 26.1274
1.7838 25.2718
1.3884 25.0707
1.6084 24.7467
1.2107 24.8453
2.4997 27.6366
0.8364 23.8482
1.6156 25.4566
1.8998 26.1715
1.2766 24.5040
1.8041 25.8355
0.9086 23.8913
2.2333 26.3894
1.7904 25.5890
2.2076 28.0616
2.2075 26.4411
2.4948 27.5820
0.9357 24.5721
1.0963 24.3345
0.6578 23.6871
1.3165 24.5137
2.6118 27.9557
1.4160 24.8562
1.9402 25.6931
2.1357 27.0862
1.6347 25.1283
0.6862 23.1996
1.3181 24.2783
1.5570 25.4157
1.1619 24.0921
0.7322 23.2795
1.7695 25.1604
2.8079 28.0806
1.4665 24.8943
0.7254 23.5910
2.0154 25.4736
0.6387 23.3605
1.9692 25.3400
1.9904 26.3971
0.7889 23.5441
2.6273 27.8197
2.4423 28.0660
2.0968 26.2021
2.1599 26.1471
0.6542 23.1572
2.9375 29.3433
1.1663 24.6799
1.9659 25.6766
0.9456 24.4990
2.3120 26.7414
0.6060 23.4848
0.7519 23.3741
0.4025 23.0368
0.9358 24.4951
1.9618 25.8606
1.9131 26.4515
0.7966 23.9514
1.7819 25.7333
1.0163 24.4011
2.5749 27.1750
3.0587 29.8687
1.8997 25.7873
2.7715 27.5032
0.7804 23.5030
1.7871 25.3887
1.4374 25.2513
0.5867 23.5381
1.7537 25.1620
1.5950 25.1546
1.2863 24.9950
0.5691 23.2332
1.3222 24.4818
1.2590 24.9480
0.7466 23.2079
1.1306 24.6493
2.5812 27.3000
1.2352 24.5792
1.9531 25.4601
2.1086 26.5025
1.4987 25.0533
1.9852 26.0616
1.3217 24.4089
0.8522 23.8761
0.9100 24.1566
0.8886 23.7593
1.0791 24.0750
2.9410 28.5123
1.5283 25.2841
1.7908 25.4734
1.2113 24.3288
1.6073 24.9069
2.3097 26.5942
0.8532 23.7670
2.8559 29.6785
2.9830 29.8348
1.4298 24.4422
2.2313 26.5635
2.0763 26.1358
0.0430 21.3378
2.0428 26.6739
0.9395 24.4754
2.3280 26.9130
1.4927 25.1746
1.6628 25.4194
1.0511 24.4535
2.5500 28.2865
1.2465 24.5549
1.4584 24.9749
2.9648 27.9552
0.9781 24.6626
0.7775 23.7014
0.6808 23.5441
0.8997 23.5240
0.8538 24.1468
1.0903 24.2984
1.2149 24.5619
1.5204 25.0197
1.9998 26.0110
1.5544 24.9196
0.3372 22.4549
1.0512 24.3608
0.6754 23.5732
2.0485 25.8282
1.0764 24.4609
0.6624 23.1795
1.6769 25.0099
1.8060 25.2956
1.3739 24.6014
1.5007 24.7127
3.1880 28.4708
0.3178 21.3766
1.8833 25.9151
1.1618 24.4733
2.1601 27.3301
1.2334 24.0442
1.3067 24.6576
2.2653 26.5642
0.3874 22.6640
0.2550 22.5341
2.4005 27.2023
1.5065 25.4192
0.9938 24.1963
2.4616 27.0153
1.5072 24.6949
1.9750 24.9546
0.9556 24.0281
2.8641 28.8096
1.0467 24.4767
1.9345 25.2677
1.8577 25.4289
2.4195 27.6455
1.1205 24.3604
1.9809 26.2538
1.1773 23.9096
1.7677 25.6558
1.4336 24.3857
1.2493 24.7252
0.6807 23.5543
2.5239 27.8159
2.5901 28.0737
2.4252 27.7214
1.6179 25.0350
1.6335 25.7361
0.8221 23.9434
1.8652 25.8920
2.4561 28.1237
1.2251 24.5710
1.3335 24.5732
1.5613 25.0745
1.4567 24.6214
2.2883 26.3188
1.2571 24.8653
1.1728 24.3817
2.4796 27.8974
1.3311 24.9650
1.1309 24.5085
1.8564 26.0658
2.8025 28.6353
0.6299 23.3931
1.3994 24.7743
2.3450 27.1501
1.9815 25.8465
2.1740 26.6772
1.8825 25.9263
1.4927 25.1199
1.4830 25.2293
1.6737 25.2877
0.6995 23.4336
1.4955 25.3953
2.5558 28.4604
1.2470 24.4248
0.7550 23.0865
1.5062 24.8239
1.1500 24.4145
2.1855 26.6771
1.6048 24.6256
1.9217 26.3144
0.7122 23.6434
1.2035 23.8298
1.7569 26.2559
0.6101 23.2918
2.5446 28.1400
2.6366 28.1988
1.7837 25.7135
1.9920 25.9535
0.4874 23.2364
1.6027 24.9652
1.8928 26.6386
0.6536 23.5773
1.1041 24.5532
2.2274 27.0114
2.5745 28.1099
0.5343 23.2324
1.4217 24.4294
0.0810 20.3107
1.9400 26.5527
1.4699 24.8071
1.1427 24.7297
0.6522 23.2607
1.5361 24.9884
1.8629 26.2693
0.9446 24.1366
1.3577 24.4332
0.7279 23.8172
0.8284 23.6682
0.1508 22.1868
1.8595 25.2132
2.2672 26.6189
2.4614 27.8212
1.1145 24.2235
0.6102 23.1931
2.6254 27.5722
0.9908 24.1965
0.3534 22.4938
2.2670 26.3891
1.3328 24.8115
2.0588 26.3851
0.7493 23.9211
2.1795 25.9404
2.2497 26.4531
1.1785 24.4742
2.2096 27.5209
1.6854 24.7992
1.0923 23.9209
1.3292 25.0663
2.1152 27.0510
0.3138 21.5365
2.3558 27.0980
0.8478 23.7215
1.5540 24.7411
0.8491 23.8941
1.2978 24.4955
1.1902 24.5787
0.7970 23.4787
0.7461 23.2678
1.7346 25.7018
2.3041 28.3749
1.6842 25.0934
2.9291 28.6724
2.4184 29.0689
1.2684 24.8866
1.4943 24.6540
1.5878 25.0516
1.4542 24.6763
1.8812 25.4678
0.5408 23.1222
0.9134 24.2744
1.6679 25.6399
0.9237 24.3041
1.3000 24.6385
1.7801 26.2315
1.9093 25.7701
1.6681 25.0785
0.8725 23.9639
0.6630 23.7499
2.2832 26.5963
0.8904 24.2758
1.4691 25.0399
1.0676 23.9620
1.8192 25.2476
1.3083 24.8296
2.4469 26.9535
2.4522 27.9579
1.9906 25.3178
1.4003 24.8970
1.1367 24.7480
0.3722 22.7188
2.0337 26.1218
2.1599 26.6707
1.4434 24.9488
2.0257 25.9023
0.5542 23.0503
0.9940 23.8269
2.5678 28.0099
1.2854 24.6137
1.7106 25.2031
2.6728 27.7581
1.3589 24.3784
2.9031 30.0723
0.7500 23.9242
0.7189 23.5409
1.2273 24.5682
1.3602 25.1238
1.6134 25.2263
2.5569 27.6522
1.8092 26.1202
1.7023 25.1287
1.9212 26.7809
1.6444 25.7439
1.4103 24.9468
2.6320 27.5177
1.1306 24.4144
0.8970 23.8687
1.6088 25.5806
0.7853 23.7844
2.4017 27.6678
1.4893 25.3859
1.6784 25.3184
0.5355 23.2867
0.3522 22.2458
0.2751 22.5003
1.5945 24.9836
1.4213 25.0786
1.7187 25.3735
0.9710 24.0158
2.7016 27.5260
2.7007 28.5765
1.3855 24.2651
1.2309 24.5691
0.8870 23.8612
1.5487 24.8411
1.0218 24.2047
0.6506 23.5462
0.3853 22.6799
0.8745 23.7567
0.4549 23.1295
1.2286 24.8709
1.2674 24.5723
1.0496 24.1369
2.3138 26.9938
0.8387 23.7940
1.5248 24.9962
1.9330 25.9684
2.0107 26.5181
2.8883 29.1714
0.4877 22.7492
1.2293 24.7728
1.7166 24.9593
2.0403 26.0714
1.2013 25.1571
1.6598 25.5085
0.8826 24.0901
1.7509 24.9409
2.0943 26.5133
1.4922 25.3046
1.7013 25.0562
1.0180 24.2224
1.1379 24.8522
1.4371 25.2182
2.9243 30.1059
2.7087 29.1700
1.3160 25.0519
1.4783 24.8459
1.7148 25.2092
2.3198 26.9249
0.5954 23.2226
2.2650 27.2891
1.8356 25.7646
1.4093 25.1887
2.2327 26.6639
1.4240 24.6411
1.1319 24.3738
0.9052 23.6707
1.2460 23.8592
2.2542 27.1256
2.0428 26.2048
0.7434 23.9924
1.8665 25.6254
2.2619 27.1489
2.7821 29.2867
1.5706 25.5129
1.2086 24.1981
2.5337 27.4625
1.5023 24.9069
1.4741 24.7652
2.8187 28.3227
1.2974 24.1787
1.7163 25.2402
1.2960 24.7430
0.9660 24.2583
2.7558 28.4275
1.2199 24.9321
1.5826 25.0169
0.6958 23.2981
0.9559 24.0237
2.6387 27.8139
1.4721 24.9741
0.9840 24.0451
1.6204 25.6610
1.3376 24.8221
0.6296 23.2314
2.4217 27.0768
1.3443 25.4597
0.5982 23.2547
1.2531 24.6303
2.3509 27.4200
1.7576 25.5890
0.1771 22.4492
2.1431 26.1749
1.0937 24.7128
1.8821 26.1449
1.3882 24.7496
0.8913 23.9626
1.2645 24.5206
0.8503 23.7344
2.0558 26.1619
1.3957 25.1405
2.8994 28.6013
1.8510 25.9932
1.5175 24.5922
3.1200 28.4915
0.8815 24.0263
2.6950 29.0828
1.1698 23.9701
2.0578 26.9587
1.5082 24.7407
1.6231 24.5598
2.9273 28.8773
0.8855 24.2184
2.9510 29.7833
1.6758 25.0698
2.6234 28.8679
2.1534 26.7419
2.6604 27.9898
1.3032 24.6744
1.4326 24.8497
1.9293 25.9897
1.1440 24.1074
2.6681 28.4606
1.0004 24.5225
2.9473 28.9805
0.6545 23.4068
1.1090 24.2862
2.6253 27.9273
1.3572 24.6967
2.3156 26.7571
1.2394 24.7953
0.5157 23.3819
1.8577 25.6718
2.1913 26.4341
1.2601 24.4175
2.2668 27.9120
0.9529 24.0661
2.5591 27.9114
2.4713 27.4877
1.4074 24.7344
1.3138 25.4044
2.4882 27.2346
2.5242 27.6200
2.9207 29.9230
2.2705 28.5559
1.0019 24.5320
1.8257 25.9345
0.8600 24.0267
2.7234 27.6447
1.9849 25.3181
2.8038 28.4074
0.9277 24.3490
1.2993 24.8420
0.7121 23.5801
2.7748 27.7813
2.7983 28.0418
0.8807 24.1715
0.7836 23.7003
0.9919 24.6490
1.4287 25.1067
1.6392 25.3098
1.8496 25.9661
0.9277 24.2632
1.6312 24.8881
1.3074 23.9270
2.6323 27.7185
1.8666 25.5305
0.9120 24.5789
0.7213 23.5295
2.2084 26.2137
1.7812 25.1694
1.5500 25.2568
1.7251 26.2574
1.1591 24.2449
1.6671 25.2941
