Effective area for WFIRST (m^2) - parameters as of 2019 03 25

Mirror surfaces are coated with Ag

   Wave      R062      Z087      Y106      J129      H158      F184      W146    SNPrism   BAO-Grism_1st   BAO-Grism_0th
     0.300    0.0000    0.0000    0.0000    0.0000    0.0000    0.0000    0.0000    0.0000      0.0000      0.0000
     0.305    0.0000    0.0000    0.0000    0.0000    0.0000    0.0000    0.0000    0.0000      0.0000      0.0000
     0.310    0.0000    0.0000    0.0000    0.0000    0.0000    0.0000    0.0000    0.0000      0.0000      0.0000
     0.315    0.0000    0.0000    0.0000    0.0000    0.0000    0.0000    0.0000    0.0000      0.0000      0.0000
     0.320    0.0000    0.0000    0.0000    0.0000    0.0000    0.0000    0.0000    0.0000      0.0000      0.0000
     0.325    0.0000    0.0000    0.0000    0.0000    0.0000    0.0000    0.0000    0.0000      0.0000      0.0000
     0.330    0.0000    0.0000    0.0000    0.0000    0.0000    0.0000    0.0000    0.0000      0.0000      0.0000
     0.335    0.0000    0.0000    0.0000    0.0000    0.0000    0.0000    0.0000    0.0000      0.0000      0.0000
     0.340    0.0000    0.0000    0.0000    0.0000    0.0000    0.0000    0.0000    0.0000      0.0000      0.0000
     0.345    0.0000    0.0000    0.0000    0.0000    0.0000    0.0000    0.0000    0.0000      0.0000      0.0000
     0.350    0.0000    0.0000    0.0000    0.0000    0.0000    0.0000    0.0000    0.0000      0.0000      0.0000
     0.355    0.0000    0.0000    0.0000    0.0000    0.0000    0.0000    0.0000    0.0000      0.0000      0.0000
     0.360    0.0000    0.0000    0.0000    0.0000    0.0000    0.0000    0.0000    0.0000      0.0000      0.0000
     0.365    0.0000    0.0000    0.0000    0.0000    0.0000    0.0000    0.0000    0.0000      0.0000      0.0000
     0.370    0.0000    0.0000    0.0000    0.0000    0.0000    0.0000    0.0000    0.0000      0.0000      0.0000
     0.375    0.0000    0.0000    0.0000    0.0000    0.0000    0.0000    0.0000    0.0000      0.0000      0.0000
     0.380    0.0000    0.0000    0.0000    0.0000    0.0000    0.0000    0.0000    0.0000      0.0000      0.0000
     0.385    0.0000    0.0000    0.0000    0.0000    0.0000    0.0000    0.0000    0.0000      0.0000      0.0000
     0.390    0.0000    0.0000    0.0000    0.0000    0.0000    0.0000    0.0000    0.0000      0.0000      0.0000
     0.395    0.0000    0.0000    0.0000    0.0000    0.0000    0.0000    0.0000    0.0000      0.0000      0.0000
     0.400    0.0000    0.0000    0.0000    0.0000    0.0000    0.0000    0.0000    0.0000      0.0000      0.0000
     0.405    0.0000    0.0000    0.0000    0.0000    0.0000    0.0000    0.0000    0.0000      0.0000      0.0000
     0.410    0.0000    0.0000    0.0000    0.0000    0.0000    0.0000    0.0000    0.0000      0.0000      0.0000
     0.415    0.0000    0.0000    0.0000    0.0000    0.0000    0.0000    0.0000    0.0000      0.0000      0.0000
     0.420    0.0000    0.0000    0.0000    0.0000    0.0000    0.0000    0.0000    0.0000      0.0000      0.0000
     0.425    0.0000    0.0000    0.0000    0.0000    0.0000    0.0000    0.0000    0.0000      0.0000      0.0000
     0.430    0.0000    0.0000    0.0000    0.0000    0.0000    0.0000    0.0000    0.0000      0.0000      0.0000
     0.435    0.0000    0.0000    0.0000    0.0000    0.0000    0.0000    0.0000    0.0000      0.0000      0.0000
     0.440    0.0000    0.0000    0.0000    0.0000    0.0000    0.0000    0.0000    0.0000      0.0000      0.0000
     0.445    0.0000    0.0000    0.0000    0.0000    0.0000    0.0000    0.0000    0.0000      0.0000      0.0000
     0.450    0.0000    0.0000    0.0000    0.0000    0.0000    0.0000    0.0000    0.0000      0.0000      0.0000
     0.455    0.0000    0.0000    0.0000    0.0000    0.0000    0.0000    0.0000    0.0000      0.0000      0.0000
     0.460    0.0002    0.0000    0.0000    0.0000    0.0000    0.0000    0.0000    0.0000      0.0000      0.0000
     0.465    0.0037    0.0000    0.0000    0.0000    0.0000    0.0000    0.0000    0.0000      0.0000      0.0000
     0.470    0.0374    0.0000    0.0000    0.0000    0.0000    0.0000    0.0000    0.0000      0.0000      0.0000
     0.475    0.1878    0.0000    0.0000    0.0000    0.0000    0.0000    0.0000    0.0000      0.0000      0.0000
     0.480    0.5080    0.0000    0.0000    0.0000    0.0000    0.0000    0.0000    0.0000      0.0000      0.0000
     0.485    0.8353    0.0000    0.0000    0.0000    0.0000    0.0000    0.0000    0.0000      0.0000      0.0000
     0.490    1.0009    0.0000    0.0000    0.0000    0.0000    0.0000    0.0000    0.0000      0.0000      0.0000
     0.495    1.0509    0.0000    0.0000    0.0000    0.0000    0.0000    0.0000    0.0000      0.0000      0.0000
     0.500    1.0712    0.0000    0.0000    0.0000    0.0000    0.0000    0.0000    0.0000      0.0000      0.0000
     0.505    1.0940    0.0000    0.0000    0.0000    0.0000    0.0000    0.0000    0.0000      0.0000      0.0000
     0.510    1.1193    0.0000    0.0000    0.0000    0.0000    0.0000    0.0000    0.0000      0.0000      0.0000
     0.515    1.1465    0.0000    0.0000    0.0000    0.0000    0.0000    0.0000    0.0000      0.0000      0.0000
     0.520    1.1756    0.0000    0.0000    0.0000    0.0000    0.0000    0.0000    0.0000      0.0000      0.0000
     0.525    1.2063    0.0000    0.0000    0.0000    0.0000    0.0000    0.0000    0.0000      0.0000      0.0000
     0.530    1.2377    0.0000    0.0000    0.0000    0.0000    0.0000    0.0000    0.0000      0.0000      0.0000
     0.535    1.2703    0.0000    0.0000    0.0000    0.0000    0.0000    0.0000    0.0000      0.0000      0.0000
     0.540    1.3035    0.0000    0.0000    0.0000    0.0000    0.0000    0.0000    0.0000      0.0000      0.0000
     0.545    1.3358    0.0000    0.0000    0.0000    0.0000    0.0000    0.0000    0.0000      0.0000      0.0000
     0.550    1.3689    0.0000    0.0000    0.0000    0.0000    0.0000    0.0000    0.0000      0.0000      0.0000
     0.555    1.4012    0.0000    0.0000    0.0000    0.0000    0.0000    0.0000    0.0000      0.0000      0.0000
     0.560    1.4341    0.0000    0.0000    0.0000    0.0000    0.0000    0.0000    0.0000      0.0000      0.0000
     0.565    1.4668    0.0000    0.0000    0.0000    0.0000    0.0000    0.0000    0.0000      0.0000      0.0000
     0.570    1.4994    0.0000    0.0000    0.0000    0.0000    0.0000    0.0000    0.0000      0.0000      0.0000
     0.575    1.5316    0.0000    0.0000    0.0000    0.0000    0.0000    0.0000    0.0000      0.0000      0.0000
     0.580    1.5631    0.0000    0.0000    0.0000    0.0000    0.0000    0.0000    0.0000      0.0000      0.0000
     0.585    1.5934    0.0000    0.0000    0.0000    0.0000    0.0000    0.0000    0.0000      0.0000      0.0000
     0.590    1.6225    0.0000    0.0000    0.0000    0.0000    0.0000    0.0000    0.0000      0.0000      0.0000
     0.595    1.6498    0.0000    0.0000    0.0000    0.0000    0.0000    0.0000    0.0000      0.0000      0.0000
     0.600    1.6751    0.0000    0.0000    0.0000    0.0000    0.0000    0.0000    0.0000      0.0000      0.0000
     0.605    1.6950    0.0000    0.0000    0.0000    0.0000    0.0000    0.0000    0.0000      0.0000      0.0000
     0.610    1.7136    0.0000    0.0000    0.0000    0.0000    0.0000    0.0000    0.0000      0.0000      0.0000
     0.615    1.7297    0.0000    0.0000    0.0000    0.0000    0.0000    0.0000    0.0000      0.0000      0.0000
     0.620    1.7444    0.0000    0.0000    0.0000    0.0000    0.0000    0.0000    0.0000      0.0000      0.0000
     0.625    1.7589    0.0000    0.0000    0.0000    0.0000    0.0000    0.0000    0.0000      0.0000      0.0000
     0.630    1.7729    0.0000    0.0000    0.0000    0.0000    0.0000    0.0000    0.0000      0.0000      0.0000
     0.635    1.7868    0.0000    0.0000    0.0000    0.0000    0.0000    0.0000    0.0000      0.0000      0.0000
     0.640    1.8009    0.0000    0.0000    0.0000    0.0000    0.0000    0.0000    0.0000      0.0000      0.0000
     0.645    1.8161    0.0000    0.0000    0.0000    0.0000    0.0000    0.0000    0.0000      0.0000      0.0000
     0.650    1.8327    0.0000    0.0000    0.0000    0.0000    0.0000    0.0000    0.0000      0.0000      0.0000
     0.655    1.8552    0.0000    0.0000    0.0000    0.0000    0.0000    0.0000    0.0000      0.0000      0.0000
     0.660    1.8782    0.0000    0.0000    0.0000    0.0000    0.0000    0.0000    0.0000      0.0000      0.0000
     0.665    1.9036    0.0000    0.0000    0.0000    0.0000    0.0000    0.0000    0.0000      0.0000      0.0000
     0.670    1.9285    0.0000    0.0000    0.0000    0.0000    0.0000    0.0000    0.0000      0.0000      0.0000
     0.675    1.9535    0.0000    0.0000    0.0000    0.0000    0.0000    0.0000    0.0000      0.0000      0.0000
     0.680    1.9797    0.0000    0.0000    0.0000    0.0000    0.0000    0.0000    0.0000      0.0000      0.0000
     0.685    2.0047    0.0000    0.0000    0.0000    0.0000    0.0000    0.0000    0.0000      0.0000      0.0000
     0.690    2.0288    0.0000    0.0000    0.0000    0.0000    0.0000    0.0000    0.0000      0.0000      0.0000
     0.695    2.0513    0.0000    0.0000    0.0000    0.0000    0.0000    0.0000    0.0000      0.0000      0.0000
     0.700    2.0719    0.0000    0.0000    0.0000    0.0000    0.0000    0.0000    0.0000      0.0000      0.0000
     0.705    2.0887    0.0000    0.0000    0.0000    0.0000    0.0000    0.0000    0.0000      0.0000      0.0000
     0.710    2.1037    0.0000    0.0000    0.0000    0.0000    0.0000    0.0000    0.0000      0.0000      0.0000
     0.715    2.1176    0.0000    0.0000    0.0000    0.0000    0.0000    0.0000    0.0000      0.0000      0.0000
     0.720    2.1305    0.0000    0.0000    0.0000    0.0000    0.0000    0.0000    0.0000      0.0000      0.0000
     0.725    2.1429    0.0001    0.0000    0.0000    0.0000    0.0000    0.0000    0.0000      0.0000      0.0000
     0.730    2.1553    0.0008    0.0000    0.0000    0.0000    0.0000    0.0000    0.0000      0.0000      0.0000
     0.735    2.1617    0.0054    0.0000    0.0000    0.0000    0.0000    0.0000    0.0000      0.0000      0.0000
     0.740    2.1510    0.0268    0.0000    0.0000    0.0000    0.0000    0.0000    0.0007      0.0000      0.0000
     0.745    2.0891    0.1005    0.0000    0.0000    0.0000    0.0000    0.0000    0.0930      0.0000      0.0000
     0.750    1.9133    0.2872    0.0000    0.0000    0.0000    0.0000    0.0000    1.0675      0.0000      0.0000
     0.755    1.5790    0.6358    0.0000    0.0000    0.0000    0.0000    0.0000    2.0548      0.0000      0.0000
     0.760    1.1141    1.1141    0.0000    0.0000    0.0000    0.0000    0.0000    2.1612      0.0000      0.0000
     0.765    0.6436    1.5983    0.0000    0.0000    0.0000    0.0000    0.0000    2.1751      0.0000      0.0000
     0.770    0.2944    1.9614    0.0000    0.0000    0.0000    0.0000    0.0000    2.1886      0.0000      0.0000
     0.775    0.1042    2.1651    0.0000    0.0000    0.0000    0.0000    0.0000    2.2017      0.0000      0.0000
     0.780    0.0281    2.2544    0.0000    0.0000    0.0000    0.0000    0.0000    2.2145      0.0000      0.0000
     0.785    0.0057    2.2897    0.0000    0.0000    0.0000    0.0000    0.0000    2.2270      0.0000      0.0000
     0.790    0.0009    2.3065    0.0000    0.0000    0.0000    0.0000    0.0000    2.2386      0.0000      0.0000
     0.795    0.0001    2.3189    0.0000    0.0000    0.0000    0.0000    0.0000    2.2500      0.0000      0.0000
     0.800    0.0000    2.3296    0.0000    0.0000    0.0000    0.0000    0.0000    2.2602      0.0000      0.0000
     0.805    0.0000    2.3393    0.0000    0.0000    0.0000    0.0000    0.0000    2.2696      0.0000      0.0000
     0.810    0.0000    2.3480    0.0000    0.0000    0.0000    0.0000    0.0000    2.2781      0.0000      0.0000
     0.815    0.0000    2.3556    0.0000    0.0000    0.0000    0.0000    0.0000    2.2855      0.0000      0.0000
     0.820    0.0000    2.3626    0.0000    0.0000    0.0000    0.0000    0.0000    2.2922      0.0000      0.0000
     0.825    0.0000    2.3701    0.0000    0.0000    0.0000    0.0000    0.0000    2.2995      0.0000      0.0000
     0.830    0.0000    2.3759    0.0000    0.0000    0.0000    0.0000    0.0000    2.3052      0.0000      0.0000
     0.835    0.0000    2.3806    0.0000    0.0000    0.0000    0.0000    0.0000    2.3097      0.0000      0.0000
     0.840    0.0000    2.3858    0.0000    0.0000    0.0000    0.0000    0.0000    2.3148      0.0000      0.0000
     0.845    0.0000    2.3901    0.0000    0.0000    0.0000    0.0000    0.0000    2.3189      0.0000      0.0000
     0.850    0.0000    2.3950    0.0000    0.0000    0.0000    0.0000    0.0000    2.3237      0.0000      0.0000
     0.855    0.0000    2.4009    0.0000    0.0000    0.0000    0.0000    0.0000    2.3294      0.0000      0.0000
     0.860    0.0000    2.4051    0.0000    0.0000    0.0000    0.0000    0.0000    2.3334      0.0000      0.0000
     0.865    0.0000    2.4100    0.0000    0.0000    0.0000    0.0000    0.0000    2.3383      0.0000      0.0000
     0.870    0.0000    2.4119    0.0000    0.0000    0.0000    0.0000    0.0000    2.3401      0.0000      0.0000
     0.875    0.0000    2.4151    0.0000    0.0000    0.0000    0.0000    0.0000    2.3432      0.0000      0.0000
     0.880    0.0000    2.4182    0.0000    0.0000    0.0000    0.0000    0.0000    2.3462      0.0000      0.0000
     0.885    0.0000    2.4208    0.0001    0.0000    0.0000    0.0000    0.0001    2.3487      0.0000      0.0000
     0.890    0.0000    2.4229    0.0008    0.0000    0.0000    0.0000    0.0008    2.3508      0.0000      0.0000
     0.895    0.0000    2.4235    0.0039    0.0000    0.0000    0.0000    0.0039    2.3513      0.0000      0.0000
     0.900    0.0000    2.4237    0.0156    0.0000    0.0000    0.0000    0.0156    2.3515      0.0000      0.0000
     0.905    0.0000    2.4250    0.0517    0.0000    0.0000    0.0000    0.0517    2.3528      0.0000      0.0000
     0.910    0.0000    2.4263    0.1422    0.0000    0.0000    0.0000    0.1422    2.3541      0.0000      0.0000
     0.915    0.0000    2.4277    0.3263    0.0000    0.0000    0.0000    0.3263    2.3554      0.0000      0.0000
     0.920    0.0000    2.4287    0.6302    0.0000    0.0000    0.0000    0.6302    2.3564      0.0000      0.0000
     0.925    0.0000    2.4283    1.0366    0.0000    0.0000    0.0000    1.0366    2.3560      0.0000      0.0000
     0.930    0.0000    2.4275    1.4781    0.0000    0.0000    0.0000    1.4781    2.3553      0.0000      0.0000
     0.935    0.0000    2.4277    1.8683    0.0000    0.0000    0.0000    1.8683    2.3557      0.0000      0.0000
     0.940    0.0000    2.4253    2.1465    0.0000    0.0000    0.0000    2.1465    2.3545      0.0000      0.0000
     0.945    0.0000    2.4200    2.3083    0.0000    0.0000    0.0000    2.3083    2.3540      0.0000      0.0000
     0.950    0.0000    2.4034    2.3842    0.0000    0.0000    0.0000    2.3842    2.3533      0.0000      0.0000
     0.955    0.0000    2.3596    2.4136    0.0000    0.0000    0.0000    2.4136    2.3534      0.0000      0.0000
     0.960    0.0000    2.2606    2.4242    0.0000    0.0000    0.0000    2.4242    2.3548      0.0000      0.0000
     0.965    0.0000    2.0700    2.4264    0.0000    0.0000    0.0000    2.4264    2.3547      0.0000      0.0000
     0.970    0.0000    1.7719    2.4280    0.0000    0.0000    0.0000    2.4280    2.3558      0.0000      0.0000
     0.975    0.0000    1.3823    2.4275    0.0000    0.0000    0.0000    2.4275    2.3553      0.0000      0.0000
     0.980    0.0000    0.9629    2.4282    0.0000    0.0000    0.0000    2.4282    2.3559      0.0000      0.0000
     0.985    0.0000    0.5877    2.4272    0.0000    0.0000    0.0000    2.4272    2.3549      0.0000      0.0000
     0.990    0.0000    0.3101    2.4254    0.0000    0.0000    0.0000    2.4254    2.3532      0.0000      0.0000
     0.995    0.0000    0.1401    2.4246    0.0000    0.0000    0.0000    2.4246    2.3524      0.0000      0.0000
     1.000    0.0000    0.0537    2.4220    0.0000    0.0000    0.0000    2.4220    2.3498      0.5503      0.0015
     1.005    0.0000    0.0174    2.4194    0.0000    0.0000    0.0000    2.4194    2.3474      1.1291      0.0029
     1.010    0.0000    0.0047    2.4163    0.0000    0.0000    0.0000    2.4163    2.3443      1.1570      0.0028
     1.015    0.0000    0.0011    2.4126    0.0000    0.0000    0.0000    2.4126    2.3407      1.1843      0.0027
     1.020    0.0000    0.0002    2.4085    0.0000    0.0000    0.0000    2.4085    2.3368      1.2111      0.0025
     1.025    0.0000    0.0000    2.4043    0.0000    0.0000    0.0000    2.4043    2.3327      1.2372      0.0024
     1.030    0.0000    0.0000    2.3999    0.0000    0.0000    0.0000    2.3999    2.3284      1.2629      0.0023
     1.035    0.0000    0.0000    2.3942    0.0000    0.0000    0.0000    2.3942    2.3229      1.2874      0.0022
     1.040    0.0000    0.0000    2.3901    0.0000    0.0000    0.0000    2.3901    2.3189      1.3122      0.0020
     1.045    0.0000    0.0000    2.3862    0.0000    0.0000    0.0000    2.3862    2.3152      1.3367      0.0019
     1.050    0.0000    0.0000    2.3827    0.0000    0.0000    0.0000    2.3827    2.3118      1.3608      0.0018
     1.055    0.0000    0.0000    2.3807    0.0000    0.0000    0.0000    2.3807    2.3098      1.3853      0.0017
     1.060    0.0000    0.0000    2.3790    0.0000    0.0000    0.0000    2.3790    2.3082      1.4094      0.0016
     1.065    0.0000    0.0000    2.3776    0.0000    0.0000    0.0000    2.3776    2.3069      1.4333      0.0015
     1.070    0.0000    0.0000    2.3765    0.0000    0.0000    0.0000    2.3765    2.3057      1.4567      0.0014
     1.075    0.0000    0.0000    2.3755    0.0000    0.0000    0.0000    2.3755    2.3047      1.4797      0.0013
     1.080    0.0000    0.0000    2.3745    0.0001    0.0000    0.0000    2.3745    2.3038      1.5022      0.0012
     1.085    0.0000    0.0000    2.3748    0.0006    0.0000    0.0000    2.3748    2.3041      1.5249      0.0011
     1.090    0.0000    0.0000    2.3735    0.0023    0.0000    0.0000    2.3735    2.3028      1.5461      0.0010
     1.095    0.0000    0.0000    2.3722    0.0078    0.0000    0.0000    2.3722    2.3016      1.5667      0.0009
     1.100    0.0000    0.0000    2.3717    0.0228    0.0000    0.0000    2.3717    2.3011      1.5873      0.0009
     1.105    0.0000    0.0000    2.3680    0.0587    0.0000    0.0000    2.3680    2.2974      1.6050      0.0008
     1.110    0.0000    0.0000    2.3651    0.1333    0.0000    0.0000    2.3651    2.2946      1.6228      0.0007
     1.115    0.0000    0.0000    2.3632    0.2681    0.0000    0.0000    2.3632    2.2928      1.6406      0.0006
     1.120    0.0000    0.0000    2.3612    0.4794    0.0000    0.0000    2.3612    2.2909      1.6577      0.0006
     1.125    0.0000    0.0000    2.3578    0.7668    0.0000    0.0000    2.3578    2.2876      1.6733      0.0005
     1.130    0.0000    0.0000    2.3558    1.1070    0.0000    0.0000    2.3558    2.2857      1.6892      0.0005
     1.135    0.0000    0.0000    2.3531    1.4559    0.0000    0.0000    2.3531    2.2831      1.7040      0.0004
     1.140    0.0000    0.0000    2.3504    1.7668    0.0000    0.0000    2.3506    2.2806      1.7183      0.0004
     1.145    0.0000    0.0000    2.3467    2.0068    0.0000    0.0000    2.3476    2.2777      1.7316      0.0003
     1.150    0.0000    0.0000    2.3430    2.1685    0.0000    0.0000    2.3460    2.2762      1.7454      0.0003
     1.155    0.0000    0.0000    2.3345    2.2620    0.0000    0.0000    2.3439    2.2741      1.7581      0.0003
     1.160    0.0000    0.0000    2.3163    2.3085    0.0000    0.0000    2.3419    2.2722      1.7704      0.0002
     1.165    0.0000    0.0000    2.2792    2.3293    0.0000    0.0000    2.3413    2.2716      1.7831      0.0002
     1.170    0.0000    0.0000    2.2053    2.3359    0.0000    0.0000    2.3397    2.2700      1.7945      0.0002
     1.175    0.0000    0.0000    2.0783    2.3383    0.0000    0.0000    2.3393    2.2697      1.8062      0.0001
     1.180    0.0000    0.0000    1.8831    2.3388    0.0000    0.0000    2.3390    2.2694      1.8175      0.0001
     1.185    0.0000    0.0000    1.6176    2.3374    0.0000    0.0000    2.3375    2.2679      1.8272      0.0001
     1.190    0.0000    0.0000    1.3018    2.3373    0.0000    0.0000    2.3373    2.2677      1.8374      0.0001
     1.195    0.0000    0.0000    0.9697    2.3371    0.0000    0.0000    2.3371    2.2675      1.8470      0.0001
     1.200    0.0000    0.0000    0.6615    2.3354    0.0000    0.0000    2.3354    2.2659      1.8549      0.0001
     1.205    0.0000    0.0000    0.4101    2.3332    0.0000    0.0000    2.3332    2.2637      1.8619      0.0000
     1.210    0.0000    0.0000    0.2298    2.3323    0.0000    0.0000    2.3323    2.2629      1.8694      0.0000
     1.215    0.0000    0.0000    0.1158    2.3314    0.0000    0.0000    2.3314    2.2620      1.8763      0.0000
     1.220    0.0000    0.0000    0.0522    2.3291    0.0000    0.0000    2.3291    2.2598      1.8816      0.0000
     1.225    0.0000    0.0000    0.0210    2.3280    0.0000    0.0000    2.3280    2.2587      1.8873      0.0000
     1.230    0.0000    0.0000    0.0075    2.3272    0.0000    0.0000    2.3272    2.2579      1.8928      0.0000
     1.235    0.0000    0.0000    0.0024    2.3258    0.0000    0.0000    2.3258    2.2565      1.8972      0.0000
     1.240    0.0000    0.0000    0.0007    2.3245    0.0000    0.0000    2.3245    2.2553      1.9013      0.0000
     1.245    0.0000    0.0000    0.0002    2.3241    0.0000    0.0000    2.3241    2.2549      1.9057      0.0000
     1.250    0.0000    0.0000    0.0000    2.3225    0.0000    0.0000    2.3225    2.2534      1.9086      0.0000
     1.255    0.0000    0.0000    0.0000    2.3227    0.0000    0.0000    2.3227    2.2535      1.9124      0.0000
     1.260    0.0000    0.0000    0.0000    2.3228    0.0000    0.0000    2.3228    2.2536      1.9158      0.0000
     1.265    0.0000    0.0000    0.0000    2.3226    0.0000    0.0000    2.3226    2.2534      1.9184      0.0000
     1.270    0.0000    0.0000    0.0000    2.3225    0.0000    0.0000    2.3225    2.2534      1.9208      0.0000
     1.275    0.0000    0.0000    0.0000    2.3232    0.0000    0.0000    2.3232    2.2540      1.9233      0.0000
     1.280    0.0000    0.0000    0.0000    2.3240    0.0000    0.0000    2.3240    2.2548      1.9256      0.0000
     1.285    0.0000    0.0000    0.0000    2.3236    0.0000    0.0000    2.3236    2.2544      1.9264      0.0000
     1.290    0.0000    0.0000    0.0000    2.3247    0.0000    0.0000    2.3247    2.2555      1.9280      0.0000
     1.295    0.0000    0.0000    0.0000    2.3252    0.0000    0.0000    2.3252    2.2559      1.9288      0.0000
     1.300    0.0000    0.0000    0.0000    2.3256    0.0000    0.0000    2.3256    2.2564      1.9291      0.0000
     1.305    0.0000    0.0000    0.0000    2.3266    0.0000    0.0000    2.3266    2.2574      1.9296      0.0000
     1.310    0.0000    0.0000    0.0000    2.3263    0.0000    0.0000    2.3263    2.2570      1.9285      0.0000
     1.315    0.0000    0.0000    0.0000    2.3273    0.0001    0.0000    2.3273    2.2580      1.9282      0.0000
     1.320    0.0000    0.0000    0.0000    2.3284    0.0002    0.0000    2.3284    2.2590      1.9276      0.0000
     1.325    0.0000    0.0000    0.0000    2.3282    0.0008    0.0000    2.3282    2.2588      1.9257      0.0000
     1.330    0.0000    0.0000    0.0000    2.3294    0.0023    0.0000    2.3294    2.2601      1.9246      0.0000
     1.335    0.0000    0.0000    0.0000    2.3308    0.0062    0.0000    2.3308    2.2614      1.9232      0.0000
     1.340    0.0000    0.0000    0.0000    2.3308    0.0155    0.0000    2.3308    2.2614      1.9204      0.0000
     1.345    0.0000    0.0000    0.0000    2.3319    0.0353    0.0000    2.3319    2.2625      1.9183      0.0000
     1.350    0.0000    0.0000    0.0000    2.3335    0.0739    0.0000    2.3335    2.2640      1.9162      0.0000
     1.355    0.0000    0.0000    0.0000    2.3334    0.1421    0.0000    2.3334    2.2640      1.9125      0.0000
     1.360    0.0000    0.0000    0.0000    2.3346    0.2518    0.0000    2.3346    2.2651      1.9095      0.0000
     1.365    0.0000    0.0000    0.0000    2.3347    0.4123    0.0000    2.3347    2.2652      1.9053      0.0000
     1.370    0.0000    0.0000    0.0000    2.3360    0.6260    0.0000    2.3360    2.2664      1.9019      0.0000
     1.375    0.0000    0.0000    0.0000    2.3375    0.8847    0.0000    2.3375    2.2679      1.8984      0.0000
     1.380    0.0000    0.0000    0.0000    2.3377    1.1688    0.0000    2.3377    2.2681      1.8935      0.0000
     1.385    0.0000    0.0000    0.0000    2.3399    1.4543    0.0000    2.3399    2.2703      1.8901      0.0000
     1.390    0.0000    0.0000    0.0000    2.3410    1.7139    0.0000    2.3412    2.2715      1.8856      0.0000
     1.395    0.0000    0.0000    0.0000    2.3414    1.9285    0.0000    2.3421    2.2723      1.8806      0.0001
     1.400    0.0000    0.0000    0.0000    2.3413    2.0904    0.0000    2.3431    2.2733      1.8755      0.0001
     1.405    0.0000    0.0000    0.0000    2.3393    2.2013    0.0000    2.3440    2.2742      1.8701      0.0001
     1.410    0.0000    0.0000    0.0000    2.3338    2.2709    0.0000    2.3452    2.2754      1.8646      0.0001
     1.415    0.0000    0.0000    0.0000    2.3213    2.3115    0.0000    2.3470    2.2771      1.8595      0.0001
     1.420    0.0000    0.0000    0.0000    2.2966    2.3348    0.0000    2.3504    2.2805      1.8554      0.0001
     1.425    0.0000    0.0000    0.0000    2.2514    2.3493    0.0000    2.3556    2.2854      1.8525      0.0002
     1.430    0.0000    0.0000    0.0000    2.1725    2.3573    0.0000    2.3596    2.2894      1.8485      0.0002
     1.435    0.0000    0.0000    0.0000    2.0518    2.3635    0.0000    2.3643    2.2939      1.8449      0.0002
     1.440    0.0000    0.0000    0.0000    1.8812    2.3672    0.0000    2.3674    2.2970      1.8398      0.0003
     1.445    0.0000    0.0000    0.0000    1.6620    2.3692    0.0000    2.3692    2.2987      1.8335      0.0003
     1.450    0.0000    0.0000    0.0000    1.4065    2.3722    0.0000    2.3723    2.3016      1.8280      0.0003
     1.455    0.0000    0.0000    0.0000    1.1316    2.3743    0.0000    2.3743    2.3036      1.8216      0.0004
     1.460    0.0000    0.0000    0.0000    0.8606    2.3759    0.0000    2.3759    2.3051      1.8147      0.0004
     1.465    0.0000    0.0000    0.0000    0.6158    2.3768    0.0000    2.3768    2.3061      1.8071      0.0005
     1.470    0.0000    0.0000    0.0000    0.4128    2.3777    0.0000    2.3777    2.3069      1.7994      0.0006
     1.475    0.0000    0.0000    0.0000    0.2585    2.3793    0.0000    2.3793    2.3085      1.7920      0.0006
     1.480    0.0000    0.0000    0.0000    0.1507    2.3796    0.0000    2.3796    2.3087      1.7836      0.0007
     1.485    0.0000    0.0000    0.0000    0.0817    2.3814    0.0000    2.3814    2.3105      1.7761      0.0008
     1.490    0.0000    0.0000    0.0000    0.0410    2.3823    0.0000    2.3823    2.3113      1.7679      0.0009
     1.495    0.0000    0.0000    0.0000    0.0191    2.3847    0.0000    2.3847    2.3137      1.7607      0.0009
     1.500    0.0000    0.0000    0.0000    0.0082    2.3864    0.0000    2.3864    2.3154      1.7529      0.0010
     1.505    0.0000    0.0000    0.0000    0.0033    2.3893    0.0000    2.3893    2.3182      1.7458      0.0011
     1.510    0.0000    0.0000    0.0000    0.0012    2.3942    0.0000    2.3942    2.3229      1.7401      0.0013
     1.515    0.0000    0.0000    0.0000    0.0004    2.3987    0.0000    2.3987    2.3273      1.7340      0.0014
     1.520    0.0000    0.0000    0.0000    0.0001    2.4035    0.0000    2.4035    2.3319      1.7279      0.0015
     1.525    0.0000    0.0000    0.0000    0.0000    2.4091    0.0000    2.4091    2.3374      1.7223      0.0016
     1.530    0.0000    0.0000    0.0000    0.0000    2.4133    0.0000    2.4133    2.3414      1.7156      0.0018
     1.535    0.0000    0.0000    0.0000    0.0000    2.4187    0.0000    2.4187    2.3466      1.7097      0.0019
     1.540    0.0000    0.0000    0.0000    0.0000    2.4238    0.0000    2.4238    2.3516      1.7034      0.0021
     1.545    0.0000    0.0000    0.0000    0.0000    2.4279    0.0000    2.4279    2.3556      1.6964      0.0022
     1.550    0.0000    0.0000    0.0000    0.0000    2.4315    0.0000    2.4315    2.3591      1.6889      0.0024
     1.555    0.0000    0.0000    0.0000    0.0000    2.4339    0.0000    2.4339    2.3614      1.6805      0.0026
     1.560    0.0000    0.0000    0.0000    0.0000    2.4358    0.0000    2.4358    2.3633      1.6718      0.0028
     1.565    0.0000    0.0000    0.0000    0.0000    2.4367    0.0000    2.4367    2.3642      1.6623      0.0030
     1.570    0.0000    0.0000    0.0000    0.0000    2.4385    0.0000    2.4385    2.3659      1.6533      0.0032
     1.575    0.0000    0.0000    0.0000    0.0000    2.4389    0.0000    2.4389    2.3663      1.6433      0.0034
     1.580    0.0000    0.0000    0.0000    0.0000    2.4391    0.0000    2.4391    2.3665      1.6332      0.0037
     1.585    0.0000    0.0000    0.0000    0.0000    2.4398    0.0000    2.4398    2.3672      1.6234      0.0039
     1.590    0.0000    0.0000    0.0000    0.0000    2.4406    0.0000    2.4406    2.3679      1.6136      0.0042
     1.595    0.0000    0.0000    0.0000    0.0000    2.4419    0.0000    2.4419    2.3691      1.6041      0.0044
     1.600    0.0000    0.0000    0.0000    0.0000    2.4436    0.0000    2.4436    2.3708      1.5949      0.0047
     1.605    0.0000    0.0000    0.0000    0.0000    2.4447    0.0001    2.4447    2.3719      1.5852      0.0050
     1.610    0.0000    0.0000    0.0000    0.0000    2.4458    0.0003    2.4458    2.3730      1.5756      0.0053
     1.615    0.0000    0.0000    0.0000    0.0000    2.4464    0.0007    2.4464    2.3736      1.5656      0.0056
     1.620    0.0000    0.0000    0.0000    0.0000    2.4471    0.0017    2.4471    2.3743      1.5556      0.0060
     1.625    0.0000    0.0000    0.0000    0.0000    2.4492    0.0040    2.4492    2.3763      1.5465      0.0063
     1.630    0.0000    0.0000    0.0000    0.0000    2.4515    0.0088    2.4515    2.3785      1.5375      0.0067
     1.635    0.0000    0.0000    0.0000    0.0000    2.4528    0.0182    2.4528    2.3798      1.5279      0.0070
     1.640    0.0000    0.0000    0.0000    0.0000    2.4544    0.0357    2.4544    2.3813      1.5184      0.0074
     1.645    0.0000    0.0000    0.0000    0.0000    2.4563    0.0660    2.4563    2.3831      1.5092      0.0078
     1.650    0.0000    0.0000    0.0000    0.0000    2.4585    0.1155    2.4585    2.3853      1.5001      0.0082
     1.655    0.0000    0.0000    0.0000    0.0000    2.4627    0.1912    2.4627    2.3893      1.4922      0.0086
     1.660    0.0000    0.0000    0.0000    0.0000    2.4657    0.2997    2.4657    2.3923      1.4836      0.0091
     1.665    0.0000    0.0000    0.0000    0.0000    2.4704    0.4458    2.4704    2.3968      1.4760      0.0095
     1.670    0.0000    0.0000    0.0000    0.0000    2.4754    0.6305    2.4754    2.4017      1.4686      0.0100
     1.675    0.0000    0.0000    0.0000    0.0000    2.4794    0.8488    2.4794    2.4056      1.4605      0.0105
     1.680    0.0000    0.0000    0.0000    0.0000    2.4836    1.0915    2.4836    2.4096      1.4525      0.0110
     1.685    0.0000    0.0000    0.0000    0.0000    2.4891    1.3452    2.4891    2.4150      1.4453      0.0116
     1.690    0.0000    0.0000    0.0000    0.0000    2.4935    1.5929    2.4935    2.4193      1.4374      0.0121
     1.695    0.0000    0.0000    0.0000    0.0000    2.4976    1.8203    2.4978    2.4234      1.4295      0.0127
     1.700    0.0000    0.0000    0.0000    0.0000    2.5031    2.0176    2.5036    2.4291      1.4224      0.0132
     1.705    0.0000    0.0000    0.0000    0.0000    2.5078    2.1775    2.5089    2.4342      1.4150      0.0138
     1.710    0.0000    0.0000    0.0000    0.0000    2.5118    2.3000    2.5144    2.4395      1.4077      0.0145
     1.715    0.0000    0.0000    0.0000    0.0000    2.5136    2.3879    2.5193    2.4443      1.4001      0.0151
     1.720    0.0000    0.0000    0.0000    0.0000    2.5136    2.4491    2.5253    2.4502      1.3930      0.0158
     1.725    0.0000    0.0000    0.0000    0.0000    2.5068    2.4882    2.5300    2.4547      1.3853      0.0164
     1.730    0.0000    0.0000    0.0000    0.0000    2.4912    2.5128    2.5344    2.4589      1.3773      0.0171
     1.735    0.0000    0.0000    0.0000    0.0000    2.4624    2.5286    2.5391    2.4635      1.3696      0.0178
     1.740    0.0000    0.0000    0.0000    0.0000    2.4142    2.5385    2.5434    2.4677      1.3616      0.0185
     1.745    0.0000    0.0000    0.0000    0.0000    2.3393    2.5443    2.5464    2.4705      1.3529      0.0193
     1.750    0.0000    0.0000    0.0000    0.0000    2.2342    2.5494    2.5503    2.4743      1.3448      0.0200
     1.755    0.0000    0.0000    0.0000    0.0000    2.0916    2.5508    2.5511    2.4751      1.3350      0.0208
     1.760    0.0000    0.0000    0.0000    0.0000    1.9143    2.5527    2.5528    2.4768      1.3257      0.0216
     1.765    0.0000    0.0000    0.0000    0.0000    1.7041    2.5525    2.5525    2.4765      1.3155      0.0223
     1.770    0.0000    0.0000    0.0000    0.0000    1.4708    2.5519    2.5519    2.4759      1.3051      0.0231
     1.775    0.0000    0.0000    0.0000    0.0000    1.2265    2.5510    2.5511    2.4746      1.2947      0.0239
     1.780    0.0000    0.0000    0.0000    0.0000    0.9852    2.5502    2.5502    2.4688      1.2843      0.0247
     1.785    0.0000    0.0000    0.0000    0.0000    0.7606    2.5508    2.5508    2.4344      1.2747      0.0256
     1.790    0.0000    0.0000    0.0000    0.0000    0.5624    2.5502    2.5502    2.2831      1.2645      0.0265
     1.795    0.0000    0.0000    0.0000    0.0000    0.3977    2.5501    2.5501    1.8846      1.2547      0.0273
     1.800    0.0000    0.0000    0.0000    0.0000    0.2685    2.5494    2.5494    1.2368      1.2446      0.0282
     1.805    0.0000    0.0000    0.0000    0.0000    0.1728    2.5503    2.5503    0.5896      1.2354      0.0291
     1.810    0.0000    0.0000    0.0000    0.0000    0.1060    2.5534    2.5534    0.1914      1.2272      0.0301
     1.815    0.0000    0.0000    0.0000    0.0000    0.0618    2.5548    2.5548    0.0406      1.2182      0.0311
     1.820    0.0000    0.0000    0.0000    0.0000    0.0342    2.5591    2.5591    0.0055      1.2107      0.0321
     1.825    0.0000    0.0000    0.0000    0.0000    0.0180    2.5629    2.5629    0.0005      1.2030      0.0331
     1.830    0.0000    0.0000    0.0000    0.0000    0.0090    2.5669    2.5669    0.0000      1.1953      0.0342
     1.835    0.0000    0.0000    0.0000    0.0000    0.0043    2.5708    2.5708    0.0000      1.1877      0.0353
     1.840    0.0000    0.0000    0.0000    0.0000    0.0019    2.5745    2.5745    0.0000      1.1800      0.0364
     1.845    0.0000    0.0000    0.0000    0.0000    0.0008    2.5780    2.5780    0.0000      1.1723      0.0375
     1.850    0.0000    0.0000    0.0000    0.0000    0.0003    2.5811    2.5811    0.0000      1.1644      0.0386
     1.855    0.0000    0.0000    0.0000    0.0000    0.0001    2.5831    2.5831    0.0000      1.1560      0.0398
     1.860    0.0000    0.0000    0.0000    0.0000    0.0000    2.5846    2.5846    0.0000      1.1475      0.0409
     1.865    0.0000    0.0000    0.0000    0.0000    0.0000    2.5874    2.5874    0.0000      1.1395      0.0421
     1.870    0.0000    0.0000    0.0000    0.0000    0.0000    2.5884    2.5884    0.0000      1.1308      0.0433
     1.875    0.0000    0.0000    0.0000    0.0000    0.0000    2.5906    2.5906    0.0000      1.1228      0.0445
     1.880    0.0000    0.0000    0.0000    0.0000    0.0000    2.5916    2.5916    0.0000      1.1142      0.0457
     1.885    0.0000    0.0000    0.0000    0.0000    0.0000    2.5924    2.5924    0.0000      1.1056      0.0469
     1.890    0.0000    0.0000    0.0000    0.0000    0.0000    2.5921    2.5921    0.0000      1.0966      0.0482
     1.895    0.0000    0.0000    0.0000    0.0000    0.0000    2.5932    2.5932    0.0000      1.0882      0.0494
     1.900    0.0000    0.0000    0.0000    0.0000    0.0000    2.5945    2.5945    0.0000      1.0800      0.0507
     1.905    0.0000    0.0000    0.0000    0.0000    0.0000    2.5972    2.5972    0.0000      1.0724      0.0521
     1.910    0.0000    0.0000    0.0000    0.0000    0.0000    2.6014    2.6014    0.0000      1.0655      0.0534
     1.915    0.0000    0.0000    0.0000    0.0000    0.0000    2.6042    2.6042    0.0000      1.0581      0.0548
     1.920    0.0000    0.0000    0.0000    0.0000    0.0000    2.6069    2.6069    0.0000      1.0508      0.0563
     1.925    0.0000    0.0000    0.0000    0.0000    0.0000    2.6102    2.6102    0.0000      1.0299      0.0569
     1.930    0.0000    0.0000    0.0000    0.0000    0.0000    2.6110    2.6110    0.0000      0.5183      0.0296
     1.935    0.0000    0.0000    0.0000    0.0000    0.0000    2.6111    2.6111    0.0000      0.0138      0.0008
     1.940    0.0000    0.0000    0.0000    0.0000    0.0000    2.6078    2.6078    0.0000      0.0000      0.0000
     1.945    0.0000    0.0000    0.0000    0.0000    0.0000    2.6013    2.6013    0.0000      0.0000      0.0000
     1.950    0.0000    0.0000    0.0000    0.0000    0.0000    2.5853    2.5853    0.0000      0.0000      0.0000
     1.955    0.0000    0.0000    0.0000    0.0000    0.0000    2.5564    2.5564    0.0000      0.0000      0.0000
     1.960    0.0000    0.0000    0.0000    0.0000    0.0000    2.5109    2.5109    0.0000      0.0000      0.0000
     1.965    0.0000    0.0000    0.0000    0.0000    0.0000    2.4451    2.4451    0.0000      0.0000      0.0000
     1.970    0.0000    0.0000    0.0000    0.0000    0.0000    2.3573    2.3573    0.0000      0.0000      0.0000
     1.975    0.0000    0.0000    0.0000    0.0000    0.0000    2.2417    2.2417    0.0000      0.0000      0.0000
     1.980    0.0000    0.0000    0.0000    0.0000    0.0000    2.0980    2.0980    0.0000      0.0000      0.0000
     1.985    0.0000    0.0000    0.0000    0.0000    0.0000    1.9271    1.9271    0.0000      0.0000      0.0000
     1.990    0.0000    0.0000    0.0000    0.0000    0.0000    1.7327    1.7327    0.0000      0.0000      0.0000
     1.995    0.0000    0.0000    0.0000    0.0000    0.0000    1.5210    1.5210    0.0000      0.0000      0.0000
     2.000    0.0000    0.0000    0.0000    0.0000    0.0000    1.3010    1.3010    0.0000      0.0000      0.0000
     2.005    0.0000    0.0000    0.0000    0.0000    0.0000    1.0820    1.0820    0.0000      0.0000      0.0000
     2.010    0.0000    0.0000    0.0000    0.0000    0.0000    0.8727    0.8727    0.0000      0.0000      0.0000
     2.015    0.0000    0.0000    0.0000    0.0000    0.0000    0.6814    0.6814    0.0000      0.0000      0.0000
     2.020    0.0000    0.0000    0.0000    0.0000    0.0000    0.5142    0.5142    0.0000      0.0000      0.0000
     2.025    0.0000    0.0000    0.0000    0.0000    0.0000    0.3745    0.3745    0.0000      0.0000      0.0000
     2.030    0.0000    0.0000    0.0000    0.0000    0.0000    0.2629    0.2629    0.0000      0.0000      0.0000
     2.035    0.0000    0.0000    0.0000    0.0000    0.0000    0.1777    0.1777    0.0000      0.0000      0.0000
     2.040    0.0000    0.0000    0.0000    0.0000    0.0000    0.1155    0.1155    0.0000      0.0000      0.0000
     2.045    0.0000    0.0000    0.0000    0.0000    0.0000    0.0721    0.0721    0.0000      0.0000      0.0000
     2.050    0.0000    0.0000    0.0000    0.0000    0.0000    0.0433    0.0433    0.0000      0.0000      0.0000
     2.055    0.0000    0.0000    0.0000    0.0000    0.0000    0.0249    0.0249    0.0000      0.0000      0.0000
     2.060    0.0000    0.0000    0.0000    0.0000    0.0000    0.0137    0.0137    0.0000      0.0000      0.0000
     2.065    0.0000    0.0000    0.0000    0.0000    0.0000    0.0073    0.0073    0.0000      0.0000      0.0000
     2.070    0.0000    0.0000    0.0000    0.0000    0.0000    0.0037    0.0037    0.0000      0.0000      0.0000
     2.075    0.0000    0.0000    0.0000    0.0000    0.0000    0.0018    0.0018    0.0000      0.0000      0.0000
     2.080    0.0000    0.0000    0.0000    0.0000    0.0000    0.0008    0.0008    0.0000      0.0000      0.0000
     2.085    0.0000    0.0000    0.0000    0.0000    0.0000    0.0004    0.0004    0.0000      0.0000      0.0000
     2.090    0.0000    0.0000    0.0000    0.0000    0.0000    0.0002    0.0002    0.0000      0.0000      0.0000
     2.095    0.0000    0.0000    0.0000    0.0000    0.0000    0.0001    0.0001    0.0000      0.0000      0.0000
     2.100    0.0000    0.0000    0.0000    0.0000    0.0000    0.0000    0.0000    0.0000      0.0000      0.0000
     2.105    0.0000    0.0000    0.0000    0.0000    0.0000    0.0000    0.0000    0.0000      0.0000      0.0000
     2.110    0.0000    0.0000    0.0000    0.0000    0.0000    0.0000    0.0000    0.0000      0.0000      0.0000
     2.115    0.0000    0.0000    0.0000    0.0000    0.0000    0.0000    0.0000    0.0000      0.0000      0.0000
     2.120    0.0000    0.0000    0.0000    0.0000    0.0000    0.0000    0.0000    0.0000      0.0000      0.0000
     2.125    0.0000    0.0000    0.0000    0.0000    0.0000    0.0000    0.0000    0.0000      0.0000      0.0000
     2.130    0.0000    0.0000    0.0000    0.0000    0.0000    0.0000    0.0000    0.0000      0.0000      0.0000
     2.135    0.0000    0.0000    0.0000    0.0000    0.0000    0.0000    0.0000    0.0000      0.0000      0.0000
     2.140    0.0000    0.0000    0.0000    0.0000    0.0000    0.0000    0.0000    0.0000      0.0000      0.0000
     2.145    0.0000    0.0000    0.0000    0.0000    0.0000    0.0000    0.0000    0.0000      0.0000      0.0000
     2.150    0.0000    0.0000    0.0000    0.0000    0.0000    0.0000    0.0000    0.0000      0.0000      0.0000
     2.155    0.0000    0.0000    0.0000    0.0000    0.0000    0.0000    0.0000    0.0000      0.0000      0.0000
     2.160    0.0000    0.0000    0.0000    0.0000    0.0000    0.0000    0.0000    0.0000      0.0000      0.0000
     2.165    0.0000    0.0000    0.0000    0.0000    0.0000    0.0000    0.0000    0.0000      0.0000      0.0000
     2.170    0.0000    0.0000    0.0000    0.0000    0.0000    0.0000    0.0000    0.0000      0.0000      0.0000
     2.175    0.0000    0.0000    0.0000    0.0000    0.0000    0.0000    0.0000    0.0000      0.0000      0.0000
     2.180    0.0000    0.0000    0.0000    0.0000    0.0000    0.0000    0.0000    0.0000      0.0000      0.0000
     2.185    0.0000    0.0000    0.0000    0.0000    0.0000    0.0000    0.0000    0.0000      0.0000      0.0000
     2.190    0.0000    0.0000    0.0000    0.0000    0.0000    0.0000    0.0000    0.0000      0.0000      0.0000
     2.195    0.0000    0.0000    0.0000    0.0000    0.0000    0.0000    0.0000    0.0000      0.0000      0.0000
     2.200    0.0000    0.0000    0.0000    0.0000    0.0000    0.0000    0.0000    0.0000      0.0000      0.0000
Band avg:     1.6740    2.3920    2.3882    2.3310    2.4308    2.5722    2.4263    2.3132      1.5817      0.0094


Throughput for WFIRST

   Wave      R062      Z087      Y106      J129      H158      F184      W146    SNPrism   BAO-Grism_1st   BAO-Grism_0th
     0.300    0.0000    0.0000    0.0000    0.0000    0.0000    0.0000    0.0000    0.0000      0.0000      0.0000
     0.305    0.0000    0.0000    0.0000    0.0000    0.0000    0.0000    0.0000    0.0000      0.0000      0.0000
     0.310    0.0000    0.0000    0.0000    0.0000    0.0000    0.0000    0.0000    0.0000      0.0000      0.0000
     0.315    0.0000    0.0000    0.0000    0.0000    0.0000    0.0000    0.0000    0.0000      0.0000      0.0000
     0.320    0.0000    0.0000    0.0000    0.0000    0.0000    0.0000    0.0000    0.0000      0.0000      0.0000
     0.325    0.0000    0.0000    0.0000    0.0000    0.0000    0.0000    0.0000    0.0000      0.0000      0.0000
     0.330    0.0000    0.0000    0.0000    0.0000    0.0000    0.0000    0.0000    0.0000      0.0000      0.0000
     0.335    0.0000    0.0000    0.0000    0.0000    0.0000    0.0000    0.0000    0.0000      0.0000      0.0000
     0.340    0.0000    0.0000    0.0000    0.0000    0.0000    0.0000    0.0000    0.0000      0.0000      0.0000
     0.345    0.0000    0.0000    0.0000    0.0000    0.0000    0.0000    0.0000    0.0000      0.0000      0.0000
     0.350    0.0000    0.0000    0.0000    0.0000    0.0000    0.0000    0.0000    0.0000      0.0000      0.0000
     0.355    0.0000    0.0000    0.0000    0.0000    0.0000    0.0000    0.0000    0.0000      0.0000      0.0000
     0.360    0.0000    0.0000    0.0000    0.0000    0.0000    0.0000    0.0000    0.0000      0.0000      0.0000
     0.365    0.0000    0.0000    0.0000    0.0000    0.0000    0.0000    0.0000    0.0000      0.0000      0.0000
     0.370    0.0000    0.0000    0.0000    0.0000    0.0000    0.0000    0.0000    0.0000      0.0000      0.0000
     0.375    0.0000    0.0000    0.0000    0.0000    0.0000    0.0000    0.0000    0.0000      0.0000      0.0000
     0.380    0.0000    0.0000    0.0000    0.0000    0.0000    0.0000    0.0000    0.0000      0.0000      0.0000
     0.385    0.0000    0.0000    0.0000    0.0000    0.0000    0.0000    0.0000    0.0000      0.0000      0.0000
     0.390    0.0000    0.0000    0.0000    0.0000    0.0000    0.0000    0.0000    0.0000      0.0000      0.0000
     0.395    0.0000    0.0000    0.0000    0.0000    0.0000    0.0000    0.0000    0.0000      0.0000      0.0000
     0.400    0.0000    0.0000    0.0000    0.0000    0.0000    0.0000    0.0000    0.0000      0.0000      0.0000
     0.405    0.0000    0.0000    0.0000    0.0000    0.0000    0.0000    0.0000    0.0000      0.0000      0.0000
     0.410    0.0000    0.0000    0.0000    0.0000    0.0000    0.0000    0.0000    0.0000      0.0000      0.0000
     0.415    0.0000    0.0000    0.0000    0.0000    0.0000    0.0000    0.0000    0.0000      0.0000      0.0000
     0.420    0.0000    0.0000    0.0000    0.0000    0.0000    0.0000    0.0000    0.0000      0.0000      0.0000
     0.425    0.0000    0.0000    0.0000    0.0000    0.0000    0.0000    0.0000    0.0000      0.0000      0.0000
     0.430    0.0000    0.0000    0.0000    0.0000    0.0000    0.0000    0.0000    0.0000      0.0000      0.0000
     0.435    0.0000    0.0000    0.0000    0.0000    0.0000    0.0000    0.0000    0.0000      0.0000      0.0000
     0.440    0.0000    0.0000    0.0000    0.0000    0.0000    0.0000    0.0000    0.0000      0.0000      0.0000
     0.445    0.0000    0.0000    0.0000    0.0000    0.0000    0.0000    0.0000    0.0000      0.0000      0.0000
     0.450    0.0000    0.0000    0.0000    0.0000    0.0000    0.0000    0.0000    0.0000      0.0000      0.0000
     0.455    0.0000    0.0000    0.0000    0.0000    0.0000    0.0000    0.0000    0.0000      0.0000      0.0000
     0.460    0.0000    0.0000    0.0000    0.0000    0.0000    0.0000    0.0000    0.0000      0.0000      0.0000
     0.465    0.0009    0.0000    0.0000    0.0000    0.0000    0.0000    0.0000    0.0000      0.0000      0.0000
     0.470    0.0085    0.0000    0.0000    0.0000    0.0000    0.0000    0.0000    0.0000      0.0000      0.0000
     0.475    0.0428    0.0000    0.0000    0.0000    0.0000    0.0000    0.0000    0.0000      0.0000      0.0000
     0.480    0.1158    0.0000    0.0000    0.0000    0.0000    0.0000    0.0000    0.0000      0.0000      0.0000
     0.485    0.1904    0.0000    0.0000    0.0000    0.0000    0.0000    0.0000    0.0000      0.0000      0.0000
     0.490    0.2282    0.0000    0.0000    0.0000    0.0000    0.0000    0.0000    0.0000      0.0000      0.0000
     0.495    0.2396    0.0000    0.0000    0.0000    0.0000    0.0000    0.0000    0.0000      0.0000      0.0000
     0.500    0.2442    0.0000    0.0000    0.0000    0.0000    0.0000    0.0000    0.0000      0.0000      0.0000
     0.505    0.2494    0.0000    0.0000    0.0000    0.0000    0.0000    0.0000    0.0000      0.0000      0.0000
     0.510    0.2552    0.0000    0.0000    0.0000    0.0000    0.0000    0.0000    0.0000      0.0000      0.0000
     0.515    0.2614    0.0000    0.0000    0.0000    0.0000    0.0000    0.0000    0.0000      0.0000      0.0000
     0.520    0.2680    0.0000    0.0000    0.0000    0.0000    0.0000    0.0000    0.0000      0.0000      0.0000
     0.525    0.2750    0.0000    0.0000    0.0000    0.0000    0.0000    0.0000    0.0000      0.0000      0.0000
     0.530    0.2822    0.0000    0.0000    0.0000    0.0000    0.0000    0.0000    0.0000      0.0000      0.0000
     0.535    0.2896    0.0000    0.0000    0.0000    0.0000    0.0000    0.0000    0.0000      0.0000      0.0000
     0.540    0.2972    0.0000    0.0000    0.0000    0.0000    0.0000    0.0000    0.0000      0.0000      0.0000
     0.545    0.3045    0.0000    0.0000    0.0000    0.0000    0.0000    0.0000    0.0000      0.0000      0.0000
     0.550    0.3121    0.0000    0.0000    0.0000    0.0000    0.0000    0.0000    0.0000      0.0000      0.0000
     0.555    0.3195    0.0000    0.0000    0.0000    0.0000    0.0000    0.0000    0.0000      0.0000      0.0000
     0.560    0.3270    0.0000    0.0000    0.0000    0.0000    0.0000    0.0000    0.0000      0.0000      0.0000
     0.565    0.3344    0.0000    0.0000    0.0000    0.0000    0.0000    0.0000    0.0000      0.0000      0.0000
     0.570    0.3418    0.0000    0.0000    0.0000    0.0000    0.0000    0.0000    0.0000      0.0000      0.0000
     0.575    0.3492    0.0000    0.0000    0.0000    0.0000    0.0000    0.0000    0.0000      0.0000      0.0000
     0.580    0.3564    0.0000    0.0000    0.0000    0.0000    0.0000    0.0000    0.0000      0.0000      0.0000
     0.585    0.3633    0.0000    0.0000    0.0000    0.0000    0.0000    0.0000    0.0000      0.0000      0.0000
     0.590    0.3699    0.0000    0.0000    0.0000    0.0000    0.0000    0.0000    0.0000      0.0000      0.0000
     0.595    0.3761    0.0000    0.0000    0.0000    0.0000    0.0000    0.0000    0.0000      0.0000      0.0000
     0.600    0.3819    0.0000    0.0000    0.0000    0.0000    0.0000    0.0000    0.0000      0.0000      0.0000
     0.605    0.3864    0.0000    0.0000    0.0000    0.0000    0.0000    0.0000    0.0000      0.0000      0.0000
     0.610    0.3907    0.0000    0.0000    0.0000    0.0000    0.0000    0.0000    0.0000      0.0000      0.0000
     0.615    0.3943    0.0000    0.0000    0.0000    0.0000    0.0000    0.0000    0.0000      0.0000      0.0000
     0.620    0.3977    0.0000    0.0000    0.0000    0.0000    0.0000    0.0000    0.0000      0.0000      0.0000
     0.625    0.4010    0.0000    0.0000    0.0000    0.0000    0.0000    0.0000    0.0000      0.0000      0.0000
     0.630    0.4042    0.0000    0.0000    0.0000    0.0000    0.0000    0.0000    0.0000      0.0000      0.0000
     0.635    0.4074    0.0000    0.0000    0.0000    0.0000    0.0000    0.0000    0.0000      0.0000      0.0000
     0.640    0.4106    0.0000    0.0000    0.0000    0.0000    0.0000    0.0000    0.0000      0.0000      0.0000
     0.645    0.4140    0.0000    0.0000    0.0000    0.0000    0.0000    0.0000    0.0000      0.0000      0.0000
     0.650    0.4178    0.0000    0.0000    0.0000    0.0000    0.0000    0.0000    0.0000      0.0000      0.0000
     0.655    0.4230    0.0000    0.0000    0.0000    0.0000    0.0000    0.0000    0.0000      0.0000      0.0000
     0.660    0.4282    0.0000    0.0000    0.0000    0.0000    0.0000    0.0000    0.0000      0.0000      0.0000
     0.665    0.4340    0.0000    0.0000    0.0000    0.0000    0.0000    0.0000    0.0000      0.0000      0.0000
     0.670    0.4397    0.0000    0.0000    0.0000    0.0000    0.0000    0.0000    0.0000      0.0000      0.0000
     0.675    0.4454    0.0000    0.0000    0.0000    0.0000    0.0000    0.0000    0.0000      0.0000      0.0000
     0.680    0.4513    0.0000    0.0000    0.0000    0.0000    0.0000    0.0000    0.0000      0.0000      0.0000
     0.685    0.4570    0.0000    0.0000    0.0000    0.0000    0.0000    0.0000    0.0000      0.0000      0.0000
     0.690    0.4625    0.0000    0.0000    0.0000    0.0000    0.0000    0.0000    0.0000      0.0000      0.0000
     0.695    0.4677    0.0000    0.0000    0.0000    0.0000    0.0000    0.0000    0.0000      0.0000      0.0000
     0.700    0.4724    0.0000    0.0000    0.0000    0.0000    0.0000    0.0000    0.0000      0.0000      0.0000
     0.705    0.4762    0.0000    0.0000    0.0000    0.0000    0.0000    0.0000    0.0000      0.0000      0.0000
     0.710    0.4796    0.0000    0.0000    0.0000    0.0000    0.0000    0.0000    0.0000      0.0000      0.0000
     0.715    0.4828    0.0000    0.0000    0.0000    0.0000    0.0000    0.0000    0.0000      0.0000      0.0000
     0.720    0.4857    0.0000    0.0000    0.0000    0.0000    0.0000    0.0000    0.0000      0.0000      0.0000
     0.725    0.4885    0.0000    0.0000    0.0000    0.0000    0.0000    0.0000    0.0000      0.0000      0.0000
     0.730    0.4914    0.0002    0.0000    0.0000    0.0000    0.0000    0.0000    0.0000      0.0000      0.0000
     0.735    0.4928    0.0012    0.0000    0.0000    0.0000    0.0000    0.0000    0.0000      0.0000      0.0000
     0.740    0.4904    0.0061    0.0000    0.0000    0.0000    0.0000    0.0000    0.0002      0.0000      0.0000
     0.745    0.4763    0.0229    0.0000    0.0000    0.0000    0.0000    0.0000    0.0212      0.0000      0.0000
     0.750    0.4362    0.0655    0.0000    0.0000    0.0000    0.0000    0.0000    0.2434      0.0000      0.0000
     0.755    0.3600    0.1450    0.0000    0.0000    0.0000    0.0000    0.0000    0.4685      0.0000      0.0000
     0.760    0.2540    0.2540    0.0000    0.0000    0.0000    0.0000    0.0000    0.4927      0.0000      0.0000
     0.765    0.1467    0.3644    0.0000    0.0000    0.0000    0.0000    0.0000    0.4959      0.0000      0.0000
     0.770    0.0671    0.4472    0.0000    0.0000    0.0000    0.0000    0.0000    0.4990      0.0000      0.0000
     0.775    0.0238    0.4936    0.0000    0.0000    0.0000    0.0000    0.0000    0.5020      0.0000      0.0000
     0.780    0.0064    0.5140    0.0000    0.0000    0.0000    0.0000    0.0000    0.5049      0.0000      0.0000
     0.785    0.0013    0.5220    0.0000    0.0000    0.0000    0.0000    0.0000    0.5077      0.0000      0.0000
     0.790    0.0002    0.5258    0.0000    0.0000    0.0000    0.0000    0.0000    0.5104      0.0000      0.0000
     0.795    0.0000    0.5287    0.0000    0.0000    0.0000    0.0000    0.0000    0.5130      0.0000      0.0000
     0.800    0.0000    0.5311    0.0000    0.0000    0.0000    0.0000    0.0000    0.5153      0.0000      0.0000
     0.805    0.0000    0.5333    0.0000    0.0000    0.0000    0.0000    0.0000    0.5174      0.0000      0.0000
     0.810    0.0000    0.5353    0.0000    0.0000    0.0000    0.0000    0.0000    0.5194      0.0000      0.0000
     0.815    0.0000    0.5370    0.0000    0.0000    0.0000    0.0000    0.0000    0.5211      0.0000      0.0000
     0.820    0.0000    0.5386    0.0000    0.0000    0.0000    0.0000    0.0000    0.5226      0.0000      0.0000
     0.825    0.0000    0.5404    0.0000    0.0000    0.0000    0.0000    0.0000    0.5243      0.0000      0.0000
     0.830    0.0000    0.5417    0.0000    0.0000    0.0000    0.0000    0.0000    0.5255      0.0000      0.0000
     0.835    0.0000    0.5427    0.0000    0.0000    0.0000    0.0000    0.0000    0.5266      0.0000      0.0000
     0.840    0.0000    0.5439    0.0000    0.0000    0.0000    0.0000    0.0000    0.5277      0.0000      0.0000
     0.845    0.0000    0.5449    0.0000    0.0000    0.0000    0.0000    0.0000    0.5287      0.0000      0.0000
     0.850    0.0000    0.5460    0.0000    0.0000    0.0000    0.0000    0.0000    0.5298      0.0000      0.0000
     0.855    0.0000    0.5474    0.0000    0.0000    0.0000    0.0000    0.0000    0.5311      0.0000      0.0000
     0.860    0.0000    0.5483    0.0000    0.0000    0.0000    0.0000    0.0000    0.5320      0.0000      0.0000
     0.865    0.0000    0.5495    0.0000    0.0000    0.0000    0.0000    0.0000    0.5331      0.0000      0.0000
     0.870    0.0000    0.5499    0.0000    0.0000    0.0000    0.0000    0.0000    0.5335      0.0000      0.0000
     0.875    0.0000    0.5506    0.0000    0.0000    0.0000    0.0000    0.0000    0.5342      0.0000      0.0000
     0.880    0.0000    0.5513    0.0000    0.0000    0.0000    0.0000    0.0000    0.5349      0.0000      0.0000
     0.885    0.0000    0.5519    0.0000    0.0000    0.0000    0.0000    0.0000    0.5355      0.0000      0.0000
     0.890    0.0000    0.5524    0.0002    0.0000    0.0000    0.0000    0.0002    0.5359      0.0000      0.0000
     0.895    0.0000    0.5525    0.0009    0.0000    0.0000    0.0000    0.0009    0.5361      0.0000      0.0000
     0.900    0.0000    0.5526    0.0036    0.0000    0.0000    0.0000    0.0036    0.5361      0.0000      0.0000
     0.905    0.0000    0.5529    0.0118    0.0000    0.0000    0.0000    0.0118    0.5364      0.0000      0.0000
     0.910    0.0000    0.5532    0.0324    0.0000    0.0000    0.0000    0.0324    0.5367      0.0000      0.0000
     0.915    0.0000    0.5535    0.0744    0.0000    0.0000    0.0000    0.0744    0.5370      0.0000      0.0000
     0.920    0.0000    0.5537    0.1437    0.0000    0.0000    0.0000    0.1437    0.5372      0.0000      0.0000
     0.925    0.0000    0.5536    0.2363    0.0000    0.0000    0.0000    0.2363    0.5371      0.0000      0.0000
     0.930    0.0000    0.5534    0.3370    0.0000    0.0000    0.0000    0.3370    0.5370      0.0000      0.0000
     0.935    0.0000    0.5535    0.4259    0.0000    0.0000    0.0000    0.4259    0.5371      0.0000      0.0000
     0.940    0.0000    0.5529    0.4894    0.0000    0.0000    0.0000    0.4894    0.5368      0.0000      0.0000
     0.945    0.0000    0.5517    0.5263    0.0000    0.0000    0.0000    0.5263    0.5367      0.0000      0.0000
     0.950    0.0000    0.5479    0.5436    0.0000    0.0000    0.0000    0.5436    0.5365      0.0000      0.0000
     0.955    0.0000    0.5380    0.5503    0.0000    0.0000    0.0000    0.5503    0.5365      0.0000      0.0000
     0.960    0.0000    0.5154    0.5527    0.0000    0.0000    0.0000    0.5527    0.5369      0.0000      0.0000
     0.965    0.0000    0.4719    0.5532    0.0000    0.0000    0.0000    0.5532    0.5368      0.0000      0.0000
     0.970    0.0000    0.4040    0.5536    0.0000    0.0000    0.0000    0.5536    0.5371      0.0000      0.0000
     0.975    0.0000    0.3151    0.5534    0.0000    0.0000    0.0000    0.5534    0.5370      0.0000      0.0000
     0.980    0.0000    0.2195    0.5536    0.0000    0.0000    0.0000    0.5536    0.5371      0.0000      0.0000
     0.985    0.0000    0.1340    0.5534    0.0000    0.0000    0.0000    0.5534    0.5369      0.0000      0.0000
     0.990    0.0000    0.0707    0.5530    0.0000    0.0000    0.0000    0.5530    0.5365      0.0000      0.0000
     0.995    0.0000    0.0319    0.5528    0.0000    0.0000    0.0000    0.5528    0.5363      0.0000      0.0000
     1.000    0.0000    0.0122    0.5522    0.0000    0.0000    0.0000    0.5522    0.5357      0.1255      0.0003
     1.005    0.0000    0.0040    0.5516    0.0000    0.0000    0.0000    0.5516    0.5352      0.2574      0.0007
     1.010    0.0000    0.0011    0.5509    0.0000    0.0000    0.0000    0.5509    0.5345      0.2638      0.0006
     1.015    0.0000    0.0002    0.5500    0.0000    0.0000    0.0000    0.5500    0.5337      0.2700      0.0006
     1.020    0.0000    0.0000    0.5491    0.0000    0.0000    0.0000    0.5491    0.5328      0.2761      0.0006
     1.025    0.0000    0.0000    0.5481    0.0000    0.0000    0.0000    0.5481    0.5318      0.2821      0.0006
     1.030    0.0000    0.0000    0.5471    0.0000    0.0000    0.0000    0.5471    0.5308      0.2879      0.0005
     1.035    0.0000    0.0000    0.5458    0.0000    0.0000    0.0000    0.5458    0.5296      0.2935      0.0005
     1.040    0.0000    0.0000    0.5449    0.0000    0.0000    0.0000    0.5449    0.5287      0.2992      0.0005
     1.045    0.0000    0.0000    0.5440    0.0000    0.0000    0.0000    0.5440    0.5278      0.3047      0.0004
     1.050    0.0000    0.0000    0.5432    0.0000    0.0000    0.0000    0.5432    0.5271      0.3102      0.0004
     1.055    0.0000    0.0000    0.5428    0.0000    0.0000    0.0000    0.5428    0.5266      0.3158      0.0004
     1.060    0.0000    0.0000    0.5424    0.0000    0.0000    0.0000    0.5424    0.5262      0.3213      0.0004
     1.065    0.0000    0.0000    0.5421    0.0000    0.0000    0.0000    0.5421    0.5259      0.3268      0.0003
     1.070    0.0000    0.0000    0.5418    0.0000    0.0000    0.0000    0.5418    0.5257      0.3321      0.0003
     1.075    0.0000    0.0000    0.5416    0.0000    0.0000    0.0000    0.5416    0.5254      0.3374      0.0003
     1.080    0.0000    0.0000    0.5413    0.0000    0.0000    0.0000    0.5413    0.5252      0.3425      0.0003
     1.085    0.0000    0.0000    0.5414    0.0001    0.0000    0.0000    0.5414    0.5253      0.3477      0.0003
     1.090    0.0000    0.0000    0.5411    0.0005    0.0000    0.0000    0.5411    0.5250      0.3525      0.0002
     1.095    0.0000    0.0000    0.5408    0.0018    0.0000    0.0000    0.5408    0.5247      0.3572      0.0002
     1.100    0.0000    0.0000    0.5407    0.0052    0.0000    0.0000    0.5407    0.5246      0.3619      0.0002
     1.105    0.0000    0.0000    0.5399    0.0134    0.0000    0.0000    0.5399    0.5238      0.3659      0.0002
     1.110    0.0000    0.0000    0.5392    0.0304    0.0000    0.0000    0.5392    0.5231      0.3700      0.0002
     1.115    0.0000    0.0000    0.5388    0.0611    0.0000    0.0000    0.5388    0.5227      0.3740      0.0001
     1.120    0.0000    0.0000    0.5383    0.1093    0.0000    0.0000    0.5383    0.5223      0.3779      0.0001
     1.125    0.0000    0.0000    0.5375    0.1748    0.0000    0.0000    0.5375    0.5215      0.3815      0.0001
     1.130    0.0000    0.0000    0.5371    0.2524    0.0000    0.0000    0.5371    0.5211      0.3851      0.0001
     1.135    0.0000    0.0000    0.5365    0.3319    0.0000    0.0000    0.5365    0.5205      0.3885      0.0001
     1.140    0.0000    0.0000    0.5358    0.4028    0.0000    0.0000    0.5359    0.5199      0.3917      0.0001
     1.145    0.0000    0.0000    0.5350    0.4575    0.0000    0.0000    0.5352    0.5193      0.3948      0.0001
     1.150    0.0000    0.0000    0.5342    0.4944    0.0000    0.0000    0.5349    0.5189      0.3979      0.0001
     1.155    0.0000    0.0000    0.5322    0.5157    0.0000    0.0000    0.5344    0.5185      0.4008      0.0001
     1.160    0.0000    0.0000    0.5281    0.5263    0.0000    0.0000    0.5339    0.5180      0.4036      0.0001
     1.165    0.0000    0.0000    0.5196    0.5311    0.0000    0.0000    0.5338    0.5179      0.4065      0.0000
     1.170    0.0000    0.0000    0.5028    0.5326    0.0000    0.0000    0.5334    0.5175      0.4091      0.0000
     1.175    0.0000    0.0000    0.4738    0.5331    0.0000    0.0000    0.5333    0.5175      0.4118      0.0000
     1.180    0.0000    0.0000    0.4293    0.5332    0.0000    0.0000    0.5333    0.5174      0.4144      0.0000
     1.185    0.0000    0.0000    0.3688    0.5329    0.0000    0.0000    0.5329    0.5170      0.4166      0.0000
     1.190    0.0000    0.0000    0.2968    0.5329    0.0000    0.0000    0.5329    0.5170      0.4189      0.0000
     1.195    0.0000    0.0000    0.2211    0.5328    0.0000    0.0000    0.5328    0.5170      0.4211      0.0000
     1.200    0.0000    0.0000    0.1508    0.5324    0.0000    0.0000    0.5324    0.5166      0.4229      0.0000
     1.205    0.0000    0.0000    0.0935    0.5319    0.0000    0.0000    0.5319    0.5161      0.4245      0.0000
     1.210    0.0000    0.0000    0.0524    0.5317    0.0000    0.0000    0.5317    0.5159      0.4262      0.0000
     1.215    0.0000    0.0000    0.0264    0.5315    0.0000    0.0000    0.5315    0.5157      0.4278      0.0000
     1.220    0.0000    0.0000    0.0119    0.5310    0.0000    0.0000    0.5310    0.5152      0.4290      0.0000
     1.225    0.0000    0.0000    0.0048    0.5307    0.0000    0.0000    0.5307    0.5149      0.4303      0.0000
     1.230    0.0000    0.0000    0.0017    0.5306    0.0000    0.0000    0.5306    0.5148      0.4315      0.0000
     1.235    0.0000    0.0000    0.0005    0.5302    0.0000    0.0000    0.5302    0.5145      0.4325      0.0000
     1.240    0.0000    0.0000    0.0002    0.5300    0.0000    0.0000    0.5300    0.5142      0.4335      0.0000
     1.245    0.0000    0.0000    0.0000    0.5299    0.0000    0.0000    0.5299    0.5141      0.4345      0.0000
     1.250    0.0000    0.0000    0.0000    0.5295    0.0000    0.0000    0.5295    0.5137      0.4351      0.0000
     1.255    0.0000    0.0000    0.0000    0.5295    0.0000    0.0000    0.5295    0.5138      0.4360      0.0000
     1.260    0.0000    0.0000    0.0000    0.5296    0.0000    0.0000    0.5296    0.5138      0.4368      0.0000
     1.265    0.0000    0.0000    0.0000    0.5295    0.0000    0.0000    0.5295    0.5137      0.4374      0.0000
     1.270    0.0000    0.0000    0.0000    0.5295    0.0000    0.0000    0.5295    0.5137      0.4379      0.0000
     1.275    0.0000    0.0000    0.0000    0.5297    0.0000    0.0000    0.5297    0.5139      0.4385      0.0000
     1.280    0.0000    0.0000    0.0000    0.5298    0.0000    0.0000    0.5298    0.5141      0.4390      0.0000
     1.285    0.0000    0.0000    0.0000    0.5298    0.0000    0.0000    0.5298    0.5140      0.4392      0.0000
     1.290    0.0000    0.0000    0.0000    0.5300    0.0000    0.0000    0.5300    0.5142      0.4396      0.0000
     1.295    0.0000    0.0000    0.0000    0.5301    0.0000    0.0000    0.5301    0.5143      0.4397      0.0000
     1.300    0.0000    0.0000    0.0000    0.5302    0.0000    0.0000    0.5302    0.5144      0.4398      0.0000
     1.305    0.0000    0.0000    0.0000    0.5304    0.0000    0.0000    0.5304    0.5146      0.4399      0.0000
     1.310    0.0000    0.0000    0.0000    0.5304    0.0000    0.0000    0.5304    0.5146      0.4397      0.0000
     1.315    0.0000    0.0000    0.0000    0.5306    0.0000    0.0000    0.5306    0.5148      0.4396      0.0000
     1.320    0.0000    0.0000    0.0000    0.5308    0.0001    0.0000    0.5308    0.5150      0.4395      0.0000
     1.325    0.0000    0.0000    0.0000    0.5308    0.0002    0.0000    0.5308    0.5150      0.4390      0.0000
     1.330    0.0000    0.0000    0.0000    0.5311    0.0005    0.0000    0.5311    0.5153      0.4388      0.0000
     1.335    0.0000    0.0000    0.0000    0.5314    0.0014    0.0000    0.5314    0.5156      0.4385      0.0000
     1.340    0.0000    0.0000    0.0000    0.5314    0.0035    0.0000    0.5314    0.5156      0.4378      0.0000
     1.345    0.0000    0.0000    0.0000    0.5316    0.0080    0.0000    0.5316    0.5158      0.4373      0.0000
     1.350    0.0000    0.0000    0.0000    0.5320    0.0168    0.0000    0.5320    0.5162      0.4369      0.0000
     1.355    0.0000    0.0000    0.0000    0.5320    0.0324    0.0000    0.5320    0.5162      0.4360      0.0000
     1.360    0.0000    0.0000    0.0000    0.5323    0.0574    0.0000    0.5323    0.5164      0.4353      0.0000
     1.365    0.0000    0.0000    0.0000    0.5323    0.0940    0.0000    0.5323    0.5164      0.4344      0.0000
     1.370    0.0000    0.0000    0.0000    0.5326    0.1427    0.0000    0.5326    0.5167      0.4336      0.0000
     1.375    0.0000    0.0000    0.0000    0.5329    0.2017    0.0000    0.5329    0.5170      0.4328      0.0000
     1.380    0.0000    0.0000    0.0000    0.5330    0.2665    0.0000    0.5330    0.5171      0.4317      0.0000
     1.385    0.0000    0.0000    0.0000    0.5335    0.3316    0.0000    0.5335    0.5176      0.4309      0.0000
     1.390    0.0000    0.0000    0.0000    0.5337    0.3907    0.0000    0.5338    0.5179      0.4299      0.0000
     1.395    0.0000    0.0000    0.0000    0.5338    0.4397    0.0000    0.5340    0.5181      0.4287      0.0000
     1.400    0.0000    0.0000    0.0000    0.5338    0.4766    0.0000    0.5342    0.5183      0.4276      0.0000
     1.405    0.0000    0.0000    0.0000    0.5333    0.5019    0.0000    0.5344    0.5185      0.4263      0.0000
     1.410    0.0000    0.0000    0.0000    0.5321    0.5177    0.0000    0.5347    0.5188      0.4251      0.0000
     1.415    0.0000    0.0000    0.0000    0.5292    0.5270    0.0000    0.5351    0.5192      0.4239      0.0000
     1.420    0.0000    0.0000    0.0000    0.5236    0.5323    0.0000    0.5359    0.5199      0.4230      0.0000
     1.425    0.0000    0.0000    0.0000    0.5133    0.5356    0.0000    0.5370    0.5210      0.4224      0.0000
     1.430    0.0000    0.0000    0.0000    0.4953    0.5374    0.0000    0.5380    0.5219      0.4214      0.0000
     1.435    0.0000    0.0000    0.0000    0.4678    0.5388    0.0000    0.5390    0.5230      0.4206      0.0001
     1.440    0.0000    0.0000    0.0000    0.4289    0.5397    0.0000    0.5397    0.5237      0.4195      0.0001
     1.445    0.0000    0.0000    0.0000    0.3789    0.5401    0.0000    0.5402    0.5241      0.4180      0.0001
     1.450    0.0000    0.0000    0.0000    0.3207    0.5408    0.0000    0.5408    0.5247      0.4168      0.0001
     1.455    0.0000    0.0000    0.0000    0.2580    0.5413    0.0000    0.5413    0.5252      0.4153      0.0001
     1.460    0.0000    0.0000    0.0000    0.1962    0.5417    0.0000    0.5417    0.5255      0.4137      0.0001
     1.465    0.0000    0.0000    0.0000    0.1404    0.5419    0.0000    0.5419    0.5258      0.4120      0.0001
     1.470    0.0000    0.0000    0.0000    0.0941    0.5421    0.0000    0.5421    0.5259      0.4102      0.0001
     1.475    0.0000    0.0000    0.0000    0.0589    0.5425    0.0000    0.5425    0.5263      0.4086      0.0001
     1.480    0.0000    0.0000    0.0000    0.0344    0.5425    0.0000    0.5425    0.5264      0.4066      0.0002
     1.485    0.0000    0.0000    0.0000    0.0186    0.5429    0.0000    0.5429    0.5268      0.4049      0.0002
     1.490    0.0000    0.0000    0.0000    0.0094    0.5431    0.0000    0.5431    0.5270      0.4031      0.0002
     1.495    0.0000    0.0000    0.0000    0.0044    0.5437    0.0000    0.5437    0.5275      0.4014      0.0002
     1.500    0.0000    0.0000    0.0000    0.0019    0.5441    0.0000    0.5441    0.5279      0.3996      0.0002
     1.505    0.0000    0.0000    0.0000    0.0007    0.5447    0.0000    0.5447    0.5285      0.3980      0.0003
     1.510    0.0000    0.0000    0.0000    0.0003    0.5459    0.0000    0.5459    0.5296      0.3967      0.0003
     1.515    0.0000    0.0000    0.0000    0.0001    0.5469    0.0000    0.5469    0.5306      0.3953      0.0003
     1.520    0.0000    0.0000    0.0000    0.0000    0.5480    0.0000    0.5480    0.5317      0.3939      0.0003
     1.525    0.0000    0.0000    0.0000    0.0000    0.5492    0.0000    0.5492    0.5329      0.3927      0.0004
     1.530    0.0000    0.0000    0.0000    0.0000    0.5502    0.0000    0.5502    0.5338      0.3911      0.0004
     1.535    0.0000    0.0000    0.0000    0.0000    0.5514    0.0000    0.5514    0.5350      0.3898      0.0004
     1.540    0.0000    0.0000    0.0000    0.0000    0.5526    0.0000    0.5526    0.5361      0.3884      0.0005
     1.545    0.0000    0.0000    0.0000    0.0000    0.5535    0.0000    0.5535    0.5370      0.3868      0.0005
     1.550    0.0000    0.0000    0.0000    0.0000    0.5543    0.0000    0.5543    0.5378      0.3851      0.0006
     1.555    0.0000    0.0000    0.0000    0.0000    0.5549    0.0000    0.5549    0.5384      0.3831      0.0006
     1.560    0.0000    0.0000    0.0000    0.0000    0.5553    0.0000    0.5553    0.5388      0.3811      0.0006
     1.565    0.0000    0.0000    0.0000    0.0000    0.5555    0.0000    0.5555    0.5390      0.3790      0.0007
     1.570    0.0000    0.0000    0.0000    0.0000    0.5560    0.0000    0.5560    0.5394      0.3769      0.0007
     1.575    0.0000    0.0000    0.0000    0.0000    0.5560    0.0000    0.5560    0.5395      0.3747      0.0008
     1.580    0.0000    0.0000    0.0000    0.0000    0.5561    0.0000    0.5561    0.5395      0.3724      0.0008
     1.585    0.0000    0.0000    0.0000    0.0000    0.5563    0.0000    0.5563    0.5397      0.3701      0.0009
     1.590    0.0000    0.0000    0.0000    0.0000    0.5564    0.0000    0.5564    0.5399      0.3679      0.0010
     1.595    0.0000    0.0000    0.0000    0.0000    0.5567    0.0000    0.5567    0.5401      0.3657      0.0010
     1.600    0.0000    0.0000    0.0000    0.0000    0.5571    0.0000    0.5571    0.5405      0.3636      0.0011
     1.605    0.0000    0.0000    0.0000    0.0000    0.5574    0.0000    0.5574    0.5408      0.3614      0.0011
     1.610    0.0000    0.0000    0.0000    0.0000    0.5576    0.0001    0.5576    0.5410      0.3592      0.0012
     1.615    0.0000    0.0000    0.0000    0.0000    0.5577    0.0002    0.5577    0.5411      0.3569      0.0013
     1.620    0.0000    0.0000    0.0000    0.0000    0.5579    0.0004    0.5579    0.5413      0.3547      0.0014
     1.625    0.0000    0.0000    0.0000    0.0000    0.5584    0.0009    0.5584    0.5418      0.3526      0.0014
     1.630    0.0000    0.0000    0.0000    0.0000    0.5589    0.0020    0.5589    0.5423      0.3505      0.0015
     1.635    0.0000    0.0000    0.0000    0.0000    0.5592    0.0042    0.5592    0.5426      0.3483      0.0016
     1.640    0.0000    0.0000    0.0000    0.0000    0.5596    0.0081    0.5596    0.5429      0.3462      0.0017
     1.645    0.0000    0.0000    0.0000    0.0000    0.5600    0.0151    0.5600    0.5433      0.3441      0.0018
     1.650    0.0000    0.0000    0.0000    0.0000    0.5605    0.0263    0.5605    0.5438      0.3420      0.0019
     1.655    0.0000    0.0000    0.0000    0.0000    0.5615    0.0436    0.5615    0.5447      0.3402      0.0020
     1.660    0.0000    0.0000    0.0000    0.0000    0.5621    0.0683    0.5621    0.5454      0.3382      0.0021
     1.665    0.0000    0.0000    0.0000    0.0000    0.5632    0.1016    0.5632    0.5464      0.3365      0.0022
     1.670    0.0000    0.0000    0.0000    0.0000    0.5644    0.1437    0.5644    0.5476      0.3348      0.0023
     1.675    0.0000    0.0000    0.0000    0.0000    0.5653    0.1935    0.5653    0.5484      0.3330      0.0024
     1.680    0.0000    0.0000    0.0000    0.0000    0.5662    0.2488    0.5662    0.5494      0.3312      0.0025
     1.685    0.0000    0.0000    0.0000    0.0000    0.5675    0.3067    0.5675    0.5506      0.3295      0.0026
     1.690    0.0000    0.0000    0.0000    0.0000    0.5685    0.3632    0.5685    0.5516      0.3277      0.0028
     1.695    0.0000    0.0000    0.0000    0.0000    0.5694    0.4150    0.5695    0.5525      0.3259      0.0029
     1.700    0.0000    0.0000    0.0000    0.0000    0.5707    0.4600    0.5708    0.5538      0.3243      0.0030
     1.705    0.0000    0.0000    0.0000    0.0000    0.5717    0.4965    0.5720    0.5550      0.3226      0.0032
     1.710    0.0000    0.0000    0.0000    0.0000    0.5727    0.5244    0.5733    0.5562      0.3209      0.0033
     1.715    0.0000    0.0000    0.0000    0.0000    0.5731    0.5444    0.5744    0.5573      0.3192      0.0034
     1.720    0.0000    0.0000    0.0000    0.0000    0.5731    0.5584    0.5757    0.5586      0.3176      0.0036
     1.725    0.0000    0.0000    0.0000    0.0000    0.5715    0.5673    0.5768    0.5596      0.3158      0.0037
     1.730    0.0000    0.0000    0.0000    0.0000    0.5679    0.5729    0.5778    0.5606      0.3140      0.0039
     1.735    0.0000    0.0000    0.0000    0.0000    0.5614    0.5765    0.5789    0.5616      0.3122      0.0041
     1.740    0.0000    0.0000    0.0000    0.0000    0.5504    0.5788    0.5799    0.5626      0.3104      0.0042
     1.745    0.0000    0.0000    0.0000    0.0000    0.5333    0.5801    0.5805    0.5633      0.3084      0.0044
     1.750    0.0000    0.0000    0.0000    0.0000    0.5094    0.5812    0.5814    0.5641      0.3066      0.0046
     1.755    0.0000    0.0000    0.0000    0.0000    0.4768    0.5815    0.5816    0.5643      0.3044      0.0047
     1.760    0.0000    0.0000    0.0000    0.0000    0.4364    0.5820    0.5820    0.5647      0.3023      0.0049
     1.765    0.0000    0.0000    0.0000    0.0000    0.3885    0.5819    0.5819    0.5646      0.2999      0.0051
     1.770    0.0000    0.0000    0.0000    0.0000    0.3353    0.5818    0.5818    0.5645      0.2975      0.0053
     1.775    0.0000    0.0000    0.0000    0.0000    0.2796    0.5816    0.5816    0.5642      0.2952      0.0055
     1.780    0.0000    0.0000    0.0000    0.0000    0.2246    0.5814    0.5814    0.5628      0.2928      0.0056
     1.785    0.0000    0.0000    0.0000    0.0000    0.1734    0.5816    0.5816    0.5550      0.2906      0.0058
     1.790    0.0000    0.0000    0.0000    0.0000    0.1282    0.5814    0.5814    0.5205      0.2883      0.0060
     1.795    0.0000    0.0000    0.0000    0.0000    0.0907    0.5814    0.5814    0.4297      0.2861      0.0062
     1.800    0.0000    0.0000    0.0000    0.0000    0.0612    0.5812    0.5812    0.2820      0.2838      0.0064
     1.805    0.0000    0.0000    0.0000    0.0000    0.0394    0.5814    0.5814    0.1344      0.2816      0.0066
     1.810    0.0000    0.0000    0.0000    0.0000    0.0242    0.5821    0.5821    0.0436      0.2798      0.0069
     1.815    0.0000    0.0000    0.0000    0.0000    0.0141    0.5825    0.5825    0.0092      0.2777      0.0071
     1.820    0.0000    0.0000    0.0000    0.0000    0.0078    0.5834    0.5834    0.0012      0.2760      0.0073
     1.825    0.0000    0.0000    0.0000    0.0000    0.0041    0.5843    0.5843    0.0001      0.2743      0.0076
     1.830    0.0000    0.0000    0.0000    0.0000    0.0021    0.5852    0.5852    0.0000      0.2725      0.0078
     1.835    0.0000    0.0000    0.0000    0.0000    0.0010    0.5861    0.5861    0.0000      0.2708      0.0080
     1.840    0.0000    0.0000    0.0000    0.0000    0.0004    0.5870    0.5870    0.0000      0.2690      0.0083
     1.845    0.0000    0.0000    0.0000    0.0000    0.0002    0.5878    0.5878    0.0000      0.2673      0.0085
     1.850    0.0000    0.0000    0.0000    0.0000    0.0001    0.5885    0.5885    0.0000      0.2655      0.0088
     1.855    0.0000    0.0000    0.0000    0.0000    0.0000    0.5889    0.5889    0.0000      0.2635      0.0091
     1.860    0.0000    0.0000    0.0000    0.0000    0.0000    0.5893    0.5893    0.0000      0.2616      0.0093
     1.865    0.0000    0.0000    0.0000    0.0000    0.0000    0.5899    0.5899    0.0000      0.2598      0.0096
     1.870    0.0000    0.0000    0.0000    0.0000    0.0000    0.5901    0.5901    0.0000      0.2578      0.0099
     1.875    0.0000    0.0000    0.0000    0.0000    0.0000    0.5906    0.5906    0.0000      0.2560      0.0101
     1.880    0.0000    0.0000    0.0000    0.0000    0.0000    0.5908    0.5908    0.0000      0.2540      0.0104
     1.885    0.0000    0.0000    0.0000    0.0000    0.0000    0.5910    0.5910    0.0000      0.2521      0.0107
     1.890    0.0000    0.0000    0.0000    0.0000    0.0000    0.5910    0.5910    0.0000      0.2500      0.0110
     1.895    0.0000    0.0000    0.0000    0.0000    0.0000    0.5912    0.5912    0.0000      0.2481      0.0113
     1.900    0.0000    0.0000    0.0000    0.0000    0.0000    0.5915    0.5915    0.0000      0.2462      0.0116
     1.905    0.0000    0.0000    0.0000    0.0000    0.0000    0.5921    0.5921    0.0000      0.2445      0.0119
     1.910    0.0000    0.0000    0.0000    0.0000    0.0000    0.5931    0.5931    0.0000      0.2429      0.0122
     1.915    0.0000    0.0000    0.0000    0.0000    0.0000    0.5937    0.5937    0.0000      0.2412      0.0125
     1.920    0.0000    0.0000    0.0000    0.0000    0.0000    0.5943    0.5943    0.0000      0.2396      0.0128
     1.925    0.0000    0.0000    0.0000    0.0000    0.0000    0.5951    0.5951    0.0000      0.2348      0.0130
     1.930    0.0000    0.0000    0.0000    0.0000    0.0000    0.5953    0.5953    0.0000      0.1182      0.0067
     1.935    0.0000    0.0000    0.0000    0.0000    0.0000    0.5953    0.5953    0.0000      0.0032      0.0002
     1.940    0.0000    0.0000    0.0000    0.0000    0.0000    0.5946    0.5946    0.0000      0.0000      0.0000
     1.945    0.0000    0.0000    0.0000    0.0000    0.0000    0.5931    0.5931    0.0000      0.0000      0.0000
     1.950    0.0000    0.0000    0.0000    0.0000    0.0000    0.5894    0.5894    0.0000      0.0000      0.0000
     1.955    0.0000    0.0000    0.0000    0.0000    0.0000    0.5828    0.5828    0.0000      0.0000      0.0000
     1.960    0.0000    0.0000    0.0000    0.0000    0.0000    0.5724    0.5724    0.0000      0.0000      0.0000
     1.965    0.0000    0.0000    0.0000    0.0000    0.0000    0.5574    0.5574    0.0000      0.0000      0.0000
     1.970    0.0000    0.0000    0.0000    0.0000    0.0000    0.5374    0.5374    0.0000      0.0000      0.0000
     1.975    0.0000    0.0000    0.0000    0.0000    0.0000    0.5111    0.5111    0.0000      0.0000      0.0000
     1.980    0.0000    0.0000    0.0000    0.0000    0.0000    0.4783    0.4783    0.0000      0.0000      0.0000
     1.985    0.0000    0.0000    0.0000    0.0000    0.0000    0.4394    0.4394    0.0000      0.0000      0.0000
     1.990    0.0000    0.0000    0.0000    0.0000    0.0000    0.3950    0.3950    0.0000      0.0000      0.0000
     1.995    0.0000    0.0000    0.0000    0.0000    0.0000    0.3468    0.3468    0.0000      0.0000      0.0000
     2.000    0.0000    0.0000    0.0000    0.0000    0.0000    0.2966    0.2966    0.0000      0.0000      0.0000
     2.005    0.0000    0.0000    0.0000    0.0000    0.0000    0.2467    0.2467    0.0000      0.0000      0.0000
     2.010    0.0000    0.0000    0.0000    0.0000    0.0000    0.1990    0.1990    0.0000      0.0000      0.0000
     2.015    0.0000    0.0000    0.0000    0.0000    0.0000    0.1554    0.1554    0.0000      0.0000      0.0000
     2.020    0.0000    0.0000    0.0000    0.0000    0.0000    0.1172    0.1172    0.0000      0.0000      0.0000
     2.025    0.0000    0.0000    0.0000    0.0000    0.0000    0.0854    0.0854    0.0000      0.0000      0.0000
     2.030    0.0000    0.0000    0.0000    0.0000    0.0000    0.0599    0.0599    0.0000      0.0000      0.0000
     2.035    0.0000    0.0000    0.0000    0.0000    0.0000    0.0405    0.0405    0.0000      0.0000      0.0000
     2.040    0.0000    0.0000    0.0000    0.0000    0.0000    0.0263    0.0263    0.0000      0.0000      0.0000
     2.045    0.0000    0.0000    0.0000    0.0000    0.0000    0.0164    0.0164    0.0000      0.0000      0.0000
     2.050    0.0000    0.0000    0.0000    0.0000    0.0000    0.0099    0.0099    0.0000      0.0000      0.0000
     2.055    0.0000    0.0000    0.0000    0.0000    0.0000    0.0057    0.0057    0.0000      0.0000      0.0000
     2.060    0.0000    0.0000    0.0000    0.0000    0.0000    0.0031    0.0031    0.0000      0.0000      0.0000
     2.065    0.0000    0.0000    0.0000    0.0000    0.0000    0.0017    0.0017    0.0000      0.0000      0.0000
     2.070    0.0000    0.0000    0.0000    0.0000    0.0000    0.0008    0.0008    0.0000      0.0000      0.0000
     2.075    0.0000    0.0000    0.0000    0.0000    0.0000    0.0004    0.0004    0.0000      0.0000      0.0000
     2.080    0.0000    0.0000    0.0000    0.0000    0.0000    0.0002    0.0002    0.0000      0.0000      0.0000
     2.085    0.0000    0.0000    0.0000    0.0000    0.0000    0.0001    0.0001    0.0000      0.0000      0.0000
     2.090    0.0000    0.0000    0.0000    0.0000    0.0000    0.0000    0.0000    0.0000      0.0000      0.0000
     2.095    0.0000    0.0000    0.0000    0.0000    0.0000    0.0000    0.0000    0.0000      0.0000      0.0000
     2.100    0.0000    0.0000    0.0000    0.0000    0.0000    0.0000    0.0000    0.0000      0.0000      0.0000
     2.105    0.0000    0.0000    0.0000    0.0000    0.0000    0.0000    0.0000    0.0000      0.0000      0.0000
     2.110    0.0000    0.0000    0.0000    0.0000    0.0000    0.0000    0.0000    0.0000      0.0000      0.0000
     2.115    0.0000    0.0000    0.0000    0.0000    0.0000    0.0000    0.0000    0.0000      0.0000      0.0000
     2.120    0.0000    0.0000    0.0000    0.0000    0.0000    0.0000    0.0000    0.0000      0.0000      0.0000
     2.125    0.0000    0.0000    0.0000    0.0000    0.0000    0.0000    0.0000    0.0000      0.0000      0.0000
     2.130    0.0000    0.0000    0.0000    0.0000    0.0000    0.0000    0.0000    0.0000      0.0000      0.0000
     2.135    0.0000    0.0000    0.0000    0.0000    0.0000    0.0000    0.0000    0.0000      0.0000      0.0000
     2.140    0.0000    0.0000    0.0000    0.0000    0.0000    0.0000    0.0000    0.0000      0.0000      0.0000
     2.145    0.0000    0.0000    0.0000    0.0000    0.0000    0.0000    0.0000    0.0000      0.0000      0.0000
     2.150    0.0000    0.0000    0.0000    0.0000    0.0000    0.0000    0.0000    0.0000      0.0000      0.0000
     2.155    0.0000    0.0000    0.0000    0.0000    0.0000    0.0000    0.0000    0.0000      0.0000      0.0000
     2.160    0.0000    0.0000    0.0000    0.0000    0.0000    0.0000    0.0000    0.0000      0.0000      0.0000
     2.165    0.0000    0.0000    0.0000    0.0000    0.0000    0.0000    0.0000    0.0000      0.0000      0.0000
     2.170    0.0000    0.0000    0.0000    0.0000    0.0000    0.0000    0.0000    0.0000      0.0000      0.0000
     2.175    0.0000    0.0000    0.0000    0.0000    0.0000    0.0000    0.0000    0.0000      0.0000      0.0000
     2.180    0.0000    0.0000    0.0000    0.0000    0.0000    0.0000    0.0000    0.0000      0.0000      0.0000
     2.185    0.0000    0.0000    0.0000    0.0000    0.0000    0.0000    0.0000    0.0000      0.0000      0.0000
     2.190    0.0000    0.0000    0.0000    0.0000    0.0000    0.0000    0.0000    0.0000      0.0000      0.0000
     2.195    0.0000    0.0000    0.0000    0.0000    0.0000    0.0000    0.0000    0.0000      0.0000      0.0000
     2.200    0.0000    0.0000    0.0000    0.0000    0.0000    0.0000    0.0000    0.0000      0.0000      0.0000
Band avg:     0.3816    0.5453    0.5445    0.5314    0.5542    0.5864    0.5532    0.5274      0.3606      0.0022

