#    Redshift    mF106
0.1000  19.4450
0.1010  19.4654
0.1020  19.4855
0.1030  19.5054
0.1040  19.5251
0.1050  19.5445
0.1060  19.5638
0.1070  19.5828
0.1080  19.6016
0.1090  19.6202
0.1100  19.6386
0.1110  19.6569
0.1120  19.6749
0.1130  19.6927
0.1140  19.7103
0.1150  19.7277
0.1160  19.7450
0.1170  19.7621
0.1180  19.7791
0.1190  19.7958
0.1200  19.8125
0.1210  19.8289
0.1220  19.8452
0.1230  19.8614
0.1240  19.8773
0.1250  19.8932
0.1260  19.9089
0.1270  19.9244
0.1280  19.9398
0.1290  19.9550
0.1300  19.9700
0.1310  19.9849
0.1320  19.9996
0.1330  20.0141
0.1340  20.0285
0.1350  20.0427
0.1360  20.0567
0.1370  20.0706
0.1380  20.0843
0.1390  20.0978
0.1400  20.1111
0.1410  20.1243
0.1420  20.1373
0.1430  20.1501
0.1440  20.1628
0.1450  20.1754
0.1460  20.1878
0.1470  20.2001
0.1480  20.2122
0.1490  20.2243
0.1500  20.2362
0.1510  20.2480
0.1520  20.2598
0.1530  20.2715
0.1540  20.2830
0.1550  20.2945
0.1560  20.3060
0.1570  20.3174
0.1580  20.3287
0.1590  20.3400
0.1600  20.3513
0.1610  20.3625
0.1620  20.3736
0.1630  20.3848
0.1640  20.3958
0.1650  20.4069
0.1660  20.4179
0.1670  20.4289
0.1680  20.4398
0.1690  20.4507
0.1700  20.4616
0.1710  20.4724
0.1720  20.4832
0.1730  20.4940
0.1740  20.5047
0.1750  20.5155
0.1760  20.5261
0.1770  20.5368
0.1780  20.5475
0.1790  20.5581
0.1800  20.5687
0.1810  20.5793
0.1820  20.5899
0.1830  20.6005
0.1840  20.6111
0.1850  20.6216
0.1860  20.6322
0.1870  20.6428
0.1880  20.6534
0.1890  20.6640
0.1900  20.6746
0.1910  20.6852
0.1920  20.6958
0.1930  20.7064
0.1940  20.7171
0.1950  20.7277
0.1960  20.7383
0.1970  20.7489
0.1980  20.7596
0.1990  20.7702
0.2000  20.7807
0.2010  20.7913
0.2020  20.8018
0.2030  20.8122
0.2040  20.8226
0.2050  20.8330
0.2060  20.8432
0.2070  20.8535
0.2080  20.8636
0.2090  20.8737
0.2100  20.8837
0.2110  20.8936
0.2120  20.9034
0.2130  20.9131
0.2140  20.9228
0.2150  20.9324
0.2160  20.9419
0.2170  20.9513
0.2180  20.9607
0.2190  20.9700
0.2200  20.9792
0.2210  20.9884
0.2220  20.9974
0.2230  21.0065
0.2240  21.0154
0.2250  21.0243
0.2260  21.0332
0.2270  21.0420
0.2280  21.0507
0.2290  21.0594
0.2300  21.0680
0.2310  21.0766
0.2320  21.0851
0.2330  21.0936
0.2340  21.1020
0.2350  21.1104
0.2360  21.1187
0.2370  21.1270
0.2380  21.1352
0.2390  21.1434
0.2400  21.1515
0.2410  21.1595
0.2420  21.1675
0.2430  21.1755
0.2440  21.1834
0.2450  21.1913
0.2460  21.1991
0.2470  21.2068
0.2480  21.2145
0.2490  21.2222
0.2500  21.2298
0.2510  21.2373
0.2520  21.2449
0.2530  21.2523
0.2540  21.2597
0.2550  21.2671
0.2560  21.2744
0.2570  21.2817
0.2580  21.2890
0.2590  21.2962
0.2600  21.3034
0.2610  21.3105
0.2620  21.3176
0.2630  21.3247
0.2640  21.3317
0.2650  21.3387
0.2660  21.3457
0.2670  21.3527
0.2680  21.3596
0.2690  21.3665
0.2700  21.3734
0.2710  21.3803
0.2720  21.3871
0.2730  21.3939
0.2740  21.4007
0.2750  21.4075
0.2760  21.4142
0.2770  21.4210
0.2780  21.4277
0.2790  21.4344
0.2800  21.4411
0.2810  21.4478
0.2820  21.4544
0.2830  21.4611
0.2840  21.4677
0.2850  21.4743
0.2860  21.4809
0.2870  21.4875
0.2880  21.4940
0.2890  21.5006
0.2900  21.5071
0.2910  21.5137
0.2920  21.5202
0.2930  21.5267
0.2940  21.5332
0.2950  21.5397
0.2960  21.5461
0.2970  21.5526
0.2980  21.5590
0.2990  21.5654
0.3000  21.5717
0.3010  21.5780
0.3020  21.5843
0.3030  21.5906
0.3040  21.5968
0.3050  21.6030
0.3060  21.6091
0.3070  21.6152
0.3080  21.6213
0.3090  21.6273
0.3100  21.6333
0.3110  21.6393
0.3120  21.6452
0.3130  21.6511
0.3140  21.6570
0.3150  21.6628
0.3160  21.6686
0.3170  21.6743
0.3180  21.6800
0.3190  21.6857
0.3200  21.6914
0.3210  21.6970
0.3220  21.7026
0.3230  21.7081
0.3240  21.7136
0.3250  21.7191
0.3260  21.7246
0.3270  21.7300
0.3280  21.7354
0.3290  21.7408
0.3300  21.7462
0.3310  21.7515
0.3320  21.7569
0.3330  21.7621
0.3340  21.7674
0.3350  21.7727
0.3360  21.7779
0.3370  21.7831
0.3380  21.7883
0.3390  21.7935
0.3400  21.7986
0.3410  21.8038
0.3420  21.8089
0.3430  21.8139
0.3440  21.8190
0.3450  21.8241
0.3460  21.8291
0.3470  21.8341
0.3480  21.8391
0.3490  21.8441
0.3500  21.8491
0.3510  21.8540
0.3520  21.8590
0.3530  21.8639
0.3540  21.8689
0.3550  21.8738
0.3560  21.8787
0.3570  21.8837
0.3580  21.8886
0.3590  21.8935
0.3600  21.8984
0.3610  21.9033
0.3620  21.9082
0.3630  21.9130
0.3640  21.9179
0.3650  21.9228
0.3660  21.9276
0.3670  21.9324
0.3680  21.9372
0.3690  21.9420
0.3700  21.9467
0.3710  21.9514
0.3720  21.9561
0.3730  21.9608
0.3740  21.9654
0.3750  21.9700
0.3760  21.9745
0.3770  21.9790
0.3780  21.9835
0.3790  21.9880
0.3800  21.9924
0.3810  21.9968
0.3820  22.0012
0.3830  22.0056
0.3840  22.0099
0.3850  22.0142
0.3860  22.0185
0.3870  22.0228
0.3880  22.0271
0.3890  22.0313
0.3900  22.0356
0.3910  22.0398
0.3920  22.0440
0.3930  22.0482
0.3940  22.0524
0.3950  22.0566
0.3960  22.0607
0.3970  22.0649
0.3980  22.0690
0.3990  22.0731
0.4000  22.0771
0.4010  22.0812
0.4020  22.0852
0.4030  22.0891
0.4040  22.0930
0.4050  22.0969
0.4060  22.1007
0.4070  22.1045
0.4080  22.1083
0.4090  22.1119
0.4100  22.1156
0.4110  22.1192
0.4120  22.1228
0.4130  22.1263
0.4140  22.1298
0.4150  22.1332
0.4160  22.1366
0.4170  22.1400
0.4180  22.1434
0.4190  22.1467
0.4200  22.1499
0.4210  22.1532
0.4220  22.1564
0.4230  22.1596
0.4240  22.1628
0.4250  22.1659
0.4260  22.1690
0.4270  22.1720
0.4280  22.1750
0.4290  22.1780
0.4300  22.1810
0.4310  22.1839
0.4320  22.1868
0.4330  22.1897
0.4340  22.1925
0.4350  22.1953
0.4360  22.1981
0.4370  22.2008
0.4380  22.2035
0.4390  22.2062
0.4400  22.2089
0.4410  22.2115
0.4420  22.2141
0.4430  22.2168
0.4440  22.2194
0.4450  22.2220
0.4460  22.2247
0.4470  22.2273
0.4480  22.2300
0.4490  22.2327
0.4500  22.2354
0.4510  22.2382
0.4520  22.2410
0.4530  22.2438
0.4540  22.2467
0.4550  22.2497
0.4560  22.2527
0.4570  22.2557
0.4580  22.2589
0.4590  22.2621
0.4600  22.2653
0.4610  22.2687
0.4620  22.2721
0.4630  22.2756
0.4640  22.2792
0.4650  22.2828
0.4660  22.2865
0.4670  22.2903
0.4680  22.2941
0.4690  22.2980
0.4700  22.3020
0.4710  22.3060
0.4720  22.3101
0.4730  22.3142
0.4740  22.3184
0.4750  22.3226
0.4760  22.3268
0.4770  22.3311
0.4780  22.3354
0.4790  22.3397
0.4800  22.3439
0.4810  22.3482
0.4820  22.3525
0.4830  22.3567
0.4840  22.3609
0.4850  22.3651
0.4860  22.3692
0.4870  22.3733
0.4880  22.3773
0.4890  22.3813
0.4900  22.3852
0.4910  22.3890
0.4920  22.3927
0.4930  22.3964
0.4940  22.4000
0.4950  22.4035
0.4960  22.4069
0.4970  22.4103
0.4980  22.4136
0.4990  22.4168
0.5000  22.4199
0.5010  22.4230
0.5020  22.4259
0.5030  22.4289
0.5040  22.4317
0.5050  22.4345
0.5060  22.4373
0.5070  22.4400
0.5080  22.4426
0.5090  22.4453
0.5100  22.4478
0.5110  22.4504
0.5120  22.4529
0.5130  22.4553
0.5140  22.4578
0.5150  22.4602
0.5160  22.4626
0.5170  22.4650
0.5180  22.4674
0.5190  22.4697
0.5200  22.4721
0.5210  22.4744
0.5220  22.4767
0.5230  22.4791
0.5240  22.4814
0.5250  22.4837
0.5260  22.4860
0.5270  22.4884
0.5280  22.4907
0.5290  22.4930
0.5300  22.4953
0.5310  22.4976
0.5320  22.4999
0.5330  22.5022
0.5340  22.5045
0.5350  22.5068
0.5360  22.5091
0.5370  22.5113
0.5380  22.5136
0.5390  22.5158
0.5400  22.5181
0.5410  22.5203
0.5420  22.5225
0.5430  22.5247
0.5440  22.5269
0.5450  22.5291
0.5460  22.5313
0.5470  22.5335
0.5480  22.5356
0.5490  22.5378
0.5500  22.5400
0.5510  22.5421
0.5520  22.5442
0.5530  22.5464
0.5540  22.5485
0.5550  22.5506
0.5560  22.5528
0.5570  22.5549
0.5580  22.5570
0.5590  22.5592
0.5600  22.5613
0.5610  22.5634
0.5620  22.5655
0.5630  22.5677
0.5640  22.5698
0.5650  22.5719
0.5660  22.5739
0.5670  22.5760
0.5680  22.5781
0.5690  22.5801
0.5700  22.5822
0.5710  22.5842
0.5720  22.5862
0.5730  22.5882
0.5740  22.5901
0.5750  22.5921
0.5760  22.5940
0.5770  22.5959
0.5780  22.5977
0.5790  22.5996
0.5800  22.6014
0.5810  22.6032
0.5820  22.6050
0.5830  22.6067
0.5840  22.6085
0.5850  22.6102
0.5860  22.6119
0.5870  22.6135
0.5880  22.6152
0.5890  22.6168
0.5900  22.6185
0.5910  22.6201
0.5920  22.6217
0.5930  22.6232
0.5940  22.6248
0.5950  22.6264
0.5960  22.6279
0.5970  22.6295
0.5980  22.6310
0.5990  22.6326
0.6000  22.6341
0.6010  22.6357
0.6020  22.6372
0.6030  22.6388
0.6040  22.6404
0.6050  22.6419
0.6060  22.6435
0.6070  22.6451
0.6080  22.6467
0.6090  22.6483
0.6100  22.6499
0.6110  22.6515
0.6120  22.6531
0.6130  22.6548
0.6140  22.6564
0.6150  22.6580
0.6160  22.6597
0.6170  22.6613
0.6180  22.6629
0.6190  22.6646
0.6200  22.6663
0.6210  22.6679
0.6220  22.6696
0.6230  22.6713
0.6240  22.6730
0.6250  22.6746
0.6260  22.6763
0.6270  22.6780
0.6280  22.6798
0.6290  22.6815
0.6300  22.6832
0.6310  22.6850
0.6320  22.6868
0.6330  22.6886
0.6340  22.6904
0.6350  22.6922
0.6360  22.6941
0.6370  22.6960
0.6380  22.6979
0.6390  22.6999
0.6400  22.7019
0.6410  22.7040
0.6420  22.7061
0.6430  22.7082
0.6440  22.7104
0.6450  22.7126
0.6460  22.7148
0.6470  22.7172
0.6480  22.7195
0.6490  22.7219
0.6500  22.7243
0.6510  22.7268
0.6520  22.7293
0.6530  22.7319
0.6540  22.7345
0.6550  22.7371
0.6560  22.7398
0.6570  22.7424
0.6580  22.7451
0.6590  22.7478
0.6600  22.7506
0.6610  22.7533
0.6620  22.7560
0.6630  22.7588
0.6640  22.7615
0.6650  22.7643
0.6660  22.7670
0.6670  22.7698
0.6680  22.7725
0.6690  22.7752
0.6700  22.7780
0.6710  22.7807
0.6720  22.7834
0.6730  22.7861
0.6740  22.7887
0.6750  22.7914
0.6760  22.7940
0.6770  22.7967
0.6780  22.7993
0.6790  22.8019
0.6800  22.8045
0.6810  22.8071
0.6820  22.8097
0.6830  22.8123
0.6840  22.8149
0.6850  22.8175
0.6860  22.8200
0.6870  22.8226
0.6880  22.8252
0.6890  22.8277
0.6900  22.8303
0.6910  22.8328
0.6920  22.8354
0.6930  22.8380
0.6940  22.8405
0.6950  22.8431
0.6960  22.8456
0.6970  22.8482
0.6980  22.8508
0.6990  22.8534
0.7000  22.8559
0.7010  22.8585
0.7020  22.8611
0.7030  22.8637
0.7040  22.8663
0.7050  22.8689
0.7060  22.8715
0.7070  22.8741
0.7080  22.8767
0.7090  22.8792
0.7100  22.8818
0.7110  22.8844
0.7120  22.8870
0.7130  22.8895
0.7140  22.8921
0.7150  22.8946
0.7160  22.8972
0.7170  22.8997
0.7180  22.9021
0.7190  22.9046
0.7200  22.9070
0.7210  22.9094
0.7220  22.9118
0.7230  22.9142
0.7240  22.9165
0.7250  22.9188
0.7260  22.9211
0.7270  22.9234
0.7280  22.9256
0.7290  22.9278
0.7300  22.9299
0.7310  22.9321
0.7320  22.9342
0.7330  22.9362
0.7340  22.9383
0.7350  22.9403
0.7360  22.9423
0.7370  22.9443
0.7380  22.9462
0.7390  22.9482
0.7400  22.9501
0.7410  22.9520
0.7420  22.9538
0.7430  22.9557
0.7440  22.9575
0.7450  22.9593
0.7460  22.9611
0.7470  22.9629
0.7480  22.9647
0.7490  22.9664
0.7500  22.9682
0.7510  22.9699
0.7520  22.9717
0.7530  22.9734
0.7540  22.9751
0.7550  22.9769
0.7560  22.9786
0.7570  22.9803
0.7580  22.9821
0.7590  22.9839
0.7600  22.9856
0.7610  22.9874
0.7620  22.9892
0.7630  22.9909
0.7640  22.9927
0.7650  22.9945
0.7660  22.9964
0.7670  22.9982
0.7680  23.0000
0.7690  23.0019
0.7700  23.0038
0.7710  23.0057
0.7720  23.0076
0.7730  23.0095
0.7740  23.0114
0.7750  23.0133
0.7760  23.0153
0.7770  23.0172
0.7780  23.0192
0.7790  23.0212
0.7800  23.0232
0.7810  23.0252
0.7820  23.0273
0.7830  23.0293
0.7840  23.0313
0.7850  23.0334
0.7860  23.0355
0.7870  23.0376
0.7880  23.0397
0.7890  23.0419
0.7900  23.0440
0.7910  23.0462
0.7920  23.0483
0.7930  23.0505
0.7940  23.0527
0.7950  23.0550
0.7960  23.0572
0.7970  23.0595
0.7980  23.0618
0.7990  23.0641
0.8000  23.0664
0.8010  23.0687
0.8020  23.0711
0.8030  23.0735
0.8040  23.0759
0.8050  23.0783
0.8060  23.0807
0.8070  23.0831
0.8080  23.0856
0.8090  23.0881
0.8100  23.0906
0.8110  23.0931
0.8120  23.0956
0.8130  23.0981
0.8140  23.1007
0.8150  23.1033
0.8160  23.1058
0.8170  23.1084
0.8180  23.1111
0.8190  23.1137
0.8200  23.1163
0.8210  23.1190
0.8220  23.1217
0.8230  23.1243
0.8240  23.1270
0.8250  23.1298
0.8260  23.1325
0.8270  23.1352
0.8280  23.1379
0.8290  23.1407
0.8300  23.1434
0.8310  23.1462
0.8320  23.1489
0.8330  23.1517
0.8340  23.1545
0.8350  23.1573
0.8360  23.1601
0.8370  23.1629
0.8380  23.1656
0.8390  23.1684
0.8400  23.1712
0.8410  23.1740
0.8420  23.1768
0.8430  23.1796
0.8440  23.1824
0.8450  23.1853
0.8460  23.1881
0.8470  23.1909
0.8480  23.1937
0.8490  23.1965
0.8500  23.1994
0.8510  23.2022
0.8520  23.2051
0.8530  23.2079
0.8540  23.2108
0.8550  23.2137
0.8560  23.2166
0.8570  23.2195
0.8580  23.2224
0.8590  23.2253
0.8600  23.2282
0.8610  23.2311
0.8620  23.2341
0.8630  23.2370
0.8640  23.2400
0.8650  23.2429
0.8660  23.2459
0.8670  23.2489
0.8680  23.2519
0.8690  23.2549
0.8700  23.2578
0.8710  23.2608
0.8720  23.2639
0.8730  23.2668
0.8740  23.2698
0.8750  23.2728
0.8760  23.2758
0.8770  23.2788
0.8780  23.2817
0.8790  23.2847
0.8800  23.2877
0.8810  23.2906
0.8820  23.2935
0.8830  23.2965
0.8840  23.2994
0.8850  23.3023
0.8860  23.3052
0.8870  23.3081
0.8880  23.3110
0.8890  23.3138
0.8900  23.3167
0.8910  23.3195
0.8920  23.3223
0.8930  23.3251
0.8940  23.3279
0.8950  23.3307
0.8960  23.3335
0.8970  23.3362
0.8980  23.3390
0.8990  23.3417
0.9000  23.3445
0.9010  23.3472
0.9020  23.3499
0.9030  23.3526
0.9040  23.3553
0.9050  23.3580
0.9060  23.3607
0.9070  23.3633
0.9080  23.3659
0.9090  23.3687
0.9100  23.3713
0.9110  23.3739
0.9120  23.3765
0.9130  23.3791
0.9140  23.3817
0.9150  23.3842
0.9160  23.3868
0.9170  23.3892
0.9180  23.3917
0.9190  23.3942
0.9200  23.3966
0.9210  23.3990
0.9220  23.4014
0.9230  23.4037
0.9240  23.4061
0.9250  23.4083
0.9260  23.4106
0.9270  23.4127
0.9280  23.4149
0.9290  23.4170
0.9300  23.4191
0.9310  23.4211
0.9320  23.4231
0.9330  23.4250
0.9340  23.4270
0.9350  23.4288
0.9360  23.4307
0.9370  23.4324
0.9380  23.4341
0.9390  23.4358
0.9400  23.4374
0.9410  23.4391
0.9420  23.4406
0.9430  23.4421
0.9440  23.4435
0.9450  23.4450
0.9460  23.4463
0.9470  23.4477
0.9480  23.4489
0.9490  23.4502
0.9500  23.4513
0.9510  23.4525
0.9520  23.4537
0.9530  23.4547
0.9540  23.4558
0.9550  23.4568
0.9560  23.4578
0.9570  23.4588
0.9580  23.4597
0.9590  23.4607
0.9600  23.4616
0.9610  23.4624
0.9620  23.4634
0.9630  23.4642
0.9640  23.4651
0.9650  23.4660
0.9660  23.4669
0.9670  23.4678
0.9680  23.4687
0.9690  23.4696
0.9700  23.4705
0.9710  23.4715
0.9720  23.4725
0.9730  23.4734
0.9740  23.4745
0.9750  23.4755
0.9760  23.4766
0.9770  23.4776
0.9780  23.4788
0.9790  23.4799
0.9800  23.4811
0.9810  23.4823
0.9820  23.4835
0.9830  23.4847
0.9840  23.4860
0.9850  23.4873
0.9860  23.4886
0.9870  23.4899
0.9880  23.4913
0.9890  23.4927
0.9900  23.4941
0.9910  23.4955
0.9920  23.4970
0.9930  23.4985
0.9940  23.5000
0.9950  23.5015
0.9960  23.5031
0.9970  23.5047
0.9980  23.5063
0.9990  23.5079
1.0000  23.5095
1.0010  23.5112
1.0020  23.5129
1.0030  23.5145
1.0040  23.5163
1.0050  23.5180
1.0060  23.5197
1.0070  23.5215
1.0080  23.5233
1.0090  23.5250
1.0100  23.5268
1.0110  23.5286
1.0120  23.5305
1.0130  23.5323
1.0140  23.5341
1.0150  23.5360
1.0160  23.5378
1.0170  23.5397
1.0180  23.5416
1.0190  23.5435
1.0200  23.5454
1.0210  23.5473
1.0220  23.5492
1.0230  23.5511
1.0240  23.5530
1.0250  23.5550
1.0260  23.5569
1.0270  23.5588
1.0280  23.5608
1.0290  23.5628
1.0300  23.5648
1.0310  23.5668
1.0320  23.5688
1.0330  23.5708
1.0340  23.5728
1.0350  23.5748
1.0360  23.5769
1.0370  23.5789
1.0380  23.5810
1.0390  23.5831
1.0400  23.5852
1.0410  23.5872
1.0420  23.5894
1.0430  23.5915
1.0440  23.5936
1.0450  23.5957
1.0460  23.5979
1.0470  23.6000
1.0480  23.6021
1.0490  23.6043
1.0500  23.6064
1.0510  23.6086
1.0520  23.6108
1.0530  23.6129
1.0540  23.6151
1.0550  23.6173
1.0560  23.6194
1.0570  23.6216
1.0580  23.6238
1.0590  23.6260
1.0600  23.6281
1.0610  23.6303
1.0620  23.6325
1.0630  23.6347
1.0640  23.6369
1.0650  23.6390
1.0660  23.6412
1.0670  23.6433
1.0680  23.6455
1.0690  23.6477
1.0700  23.6499
1.0710  23.6520
1.0720  23.6542
1.0730  23.6564
1.0740  23.6586
1.0750  23.6607
1.0760  23.6629
1.0770  23.6651
1.0780  23.6673
1.0790  23.6695
1.0800  23.6716
1.0810  23.6739
1.0820  23.6761
1.0830  23.6783
1.0840  23.6805
1.0850  23.6827
1.0860  23.6849
1.0870  23.6872
1.0880  23.6895
1.0890  23.6917
1.0900  23.6940
1.0910  23.6963
1.0920  23.6986
1.0930  23.7008
1.0940  23.7031
1.0950  23.7055
1.0960  23.7078
1.0970  23.7101
1.0980  23.7125
1.0990  23.7149
1.1000  23.7172
1.1010  23.7196
1.1020  23.7220
1.1030  23.7244
1.1040  23.7268
1.1050  23.7292
1.1060  23.7316
1.1070  23.7340
1.1080  23.7365
1.1090  23.7389
1.1100  23.7413
1.1110  23.7437
1.1120  23.7462
1.1130  23.7486
1.1140  23.7510
1.1150  23.7534
1.1160  23.7559
1.1170  23.7583
1.1180  23.7607
1.1190  23.7631
1.1200  23.7655
1.1210  23.7679
1.1220  23.7703
1.1230  23.7726
1.1240  23.7750
1.1250  23.7773
1.1260  23.7797
1.1270  23.7819
1.1280  23.7843
1.1290  23.7865
1.1300  23.7888
1.1310  23.7910
1.1320  23.7933
1.1330  23.7955
1.1340  23.7977
1.1350  23.7999
1.1360  23.8021
1.1370  23.8042
1.1380  23.8063
1.1390  23.8084
1.1400  23.8106
1.1410  23.8126
1.1420  23.8147
1.1430  23.8167
1.1440  23.8187
1.1450  23.8207
1.1460  23.8227
1.1470  23.8246
1.1480  23.8266
1.1490  23.8285
1.1500  23.8304
1.1510  23.8323
1.1520  23.8342
1.1530  23.8360
1.1540  23.8379
1.1550  23.8397
1.1560  23.8415
1.1570  23.8432
1.1580  23.8450
1.1590  23.8468
1.1600  23.8485
1.1610  23.8502
1.1620  23.8519
1.1630  23.8536
1.1640  23.8552
1.1650  23.8568
1.1660  23.8584
1.1670  23.8600
1.1680  23.8616
1.1690  23.8631
1.1700  23.8646
1.1710  23.8661
1.1720  23.8676
1.1730  23.8691
1.1740  23.8705
1.1750  23.8718
1.1760  23.8732
1.1770  23.8745
1.1780  23.8758
1.1790  23.8771
1.1800  23.8783
1.1810  23.8795
1.1820  23.8807
1.1830  23.8819
1.1840  23.8830
1.1850  23.8841
1.1860  23.8852
1.1870  23.8862
1.1880  23.8873
1.1890  23.8883
1.1900  23.8893
1.1910  23.8902
1.1920  23.8912
1.1930  23.8921
1.1940  23.8930
1.1950  23.8939
1.1960  23.8948
1.1970  23.8957
1.1980  23.8966
1.1990  23.8975
1.2000  23.8983
1.2010  23.8992
1.2020  23.9000
1.2030  23.9009
1.2040  23.9017
1.2050  23.9025
1.2060  23.9034
1.2070  23.9042
1.2080  23.9051
1.2090  23.9059
1.2100  23.9067
1.2110  23.9076
1.2120  23.9084
1.2130  23.9093
1.2140  23.9101
1.2150  23.9110
1.2160  23.9118
1.2170  23.9127
1.2180  23.9136
1.2190  23.9145
1.2200  23.9153
1.2210  23.9162
1.2220  23.9171
1.2230  23.9180
1.2240  23.9190
1.2250  23.9199
1.2260  23.9208
1.2270  23.9217
1.2280  23.9227
1.2290  23.9236
1.2300  23.9246
1.2310  23.9256
1.2320  23.9266
1.2330  23.9276
1.2340  23.9285
1.2350  23.9295
1.2360  23.9306
1.2370  23.9316
1.2380  23.9326
1.2390  23.9337
1.2400  23.9347
1.2410  23.9358
1.2420  23.9368
1.2430  23.9379
1.2440  23.9389
1.2450  23.9400
1.2460  23.9411
1.2470  23.9421
1.2480  23.9432
1.2490  23.9443
1.2500  23.9454
1.2510  23.9464
1.2520  23.9475
1.2530  23.9486
1.2540  23.9497
1.2550  23.9507
1.2560  23.9518
1.2570  23.9529
1.2580  23.9540
1.2590  23.9550
1.2600  23.9561
1.2610  23.9572
1.2620  23.9583
1.2630  23.9593
1.2640  23.9604
1.2650  23.9615
1.2660  23.9626
1.2670  23.9637
1.2680  23.9648
1.2690  23.9659
1.2700  23.9670
1.2710  23.9681
1.2720  23.9692
1.2730  23.9704
1.2740  23.9715
1.2750  23.9726
1.2760  23.9738
1.2770  23.9750
1.2780  23.9761
1.2790  23.9773
1.2800  23.9785
1.2810  23.9797
1.2820  23.9808
1.2830  23.9820
1.2840  23.9833
1.2850  23.9845
1.2860  23.9857
1.2870  23.9869
1.2880  23.9882
1.2890  23.9894
1.2900  23.9906
1.2910  23.9919
1.2920  23.9932
1.2930  23.9944
1.2940  23.9957
1.2950  23.9970
1.2960  23.9983
1.2970  23.9996
1.2980  24.0009
1.2990  24.0022
1.3000  24.0035
1.3010  24.0048
1.3020  24.0062
1.3030  24.0075
1.3040  24.0089
1.3050  24.0103
1.3060  24.0116
1.3070  24.0130
1.3080  24.0144
1.3090  24.0158
1.3100  24.0173
1.3110  24.0187
1.3120  24.0201
1.3130  24.0216
1.3140  24.0231
1.3150  24.0245
1.3160  24.0260
1.3170  24.0275
1.3180  24.0291
1.3190  24.0306
1.3200  24.0321
1.3210  24.0337
1.3220  24.0352
1.3230  24.0368
1.3240  24.0384
1.3250  24.0399
1.3260  24.0415
1.3270  24.0432
1.3280  24.0448
1.3290  24.0464
1.3300  24.0480
1.3310  24.0497
1.3320  24.0514
1.3330  24.0530
1.3340  24.0547
1.3350  24.0564
1.3360  24.0581
1.3370  24.0598
1.3380  24.0615
1.3390  24.0633
1.3400  24.0650
1.3410  24.0668
1.3420  24.0686
1.3430  24.0704
1.3440  24.0722
1.3450  24.0740
1.3460  24.0758
1.3470  24.0776
1.3480  24.0795
1.3490  24.0814
1.3500  24.0833
1.3510  24.0852
1.3520  24.0871
1.3530  24.0890
1.3540  24.0909
1.3550  24.0929
1.3560  24.0949
1.3570  24.0968
1.3580  24.0988
1.3590  24.1009
1.3600  24.1029
1.3610  24.1049
1.3620  24.1069
1.3630  24.1090
1.3640  24.1111
1.3650  24.1131
1.3660  24.1152
1.3670  24.1173
1.3680  24.1194
1.3690  24.1215
1.3700  24.1236
1.3710  24.1257
1.3720  24.1278
1.3730  24.1299
1.3740  24.1321
1.3750  24.1342
1.3760  24.1363
1.3770  24.1384
1.3780  24.1406
1.3790  24.1427
1.3800  24.1448
1.3810  24.1469
1.3820  24.1490
1.3830  24.1511
1.3840  24.1532
1.3850  24.1553
1.3860  24.1574
1.3870  24.1595
1.3880  24.1616
1.3890  24.1637
1.3900  24.1657
1.3910  24.1678
1.3920  24.1699
1.3930  24.1719
1.3940  24.1740
1.3950  24.1760
1.3960  24.1781
1.3970  24.1801
1.3980  24.1822
1.3990  24.1842
1.4000  24.1863
1.4010  24.1883
1.4020  24.1903
1.4030  24.1924
1.4040  24.1944
1.4050  24.1964
1.4060  24.1985
1.4070  24.2005
1.4080  24.2025
1.4090  24.2046
1.4100  24.2066
1.4110  24.2086
1.4120  24.2107
1.4130  24.2127
1.4140  24.2147
1.4150  24.2168
1.4160  24.2188
1.4170  24.2208
1.4180  24.2229
1.4190  24.2249
1.4200  24.2269
1.4210  24.2290
1.4220  24.2310
1.4230  24.2331
1.4240  24.2351
1.4250  24.2371
1.4260  24.2392
1.4270  24.2412
1.4280  24.2432
1.4290  24.2452
1.4300  24.2473
1.4310  24.2493
1.4320  24.2513
1.4330  24.2533
1.4340  24.2553
1.4350  24.2573
1.4360  24.2593
1.4370  24.2613
1.4380  24.2633
1.4390  24.2653
1.4400  24.2672
1.4410  24.2692
1.4420  24.2712
1.4430  24.2731
1.4440  24.2750
1.4450  24.2770
1.4460  24.2789
1.4470  24.2808
1.4480  24.2827
1.4490  24.2845
1.4500  24.2864
1.4510  24.2883
1.4520  24.2901
1.4530  24.2919
1.4540  24.2938
1.4550  24.2956
1.4560  24.2973
1.4570  24.2991
1.4580  24.3009
1.4590  24.3026
1.4600  24.3043
1.4610  24.3061
1.4620  24.3077
1.4630  24.3094
1.4640  24.3111
1.4650  24.3128
1.4660  24.3144
1.4670  24.3160
1.4680  24.3176
1.4690  24.3192
1.4700  24.3208
1.4710  24.3224
1.4720  24.3239
1.4730  24.3255
1.4740  24.3270
1.4750  24.3285
1.4760  24.3300
1.4770  24.3315
1.4780  24.3330
1.4790  24.3345
1.4800  24.3360
1.4810  24.3375
1.4820  24.3389
1.4830  24.3404
1.4840  24.3418
1.4850  24.3433
1.4860  24.3447
1.4870  24.3462
1.4880  24.3476
1.4890  24.3490
1.4900  24.3505
1.4910  24.3519
1.4920  24.3533
1.4930  24.3547
1.4940  24.3562
1.4950  24.3576
1.4960  24.3590
1.4970  24.3604
1.4980  24.3619
1.4990  24.3633
1.5000  24.3647
1.5010  24.3661
1.5020  24.3676
1.5030  24.3690
1.5040  24.3704
1.5050  24.3719
1.5060  24.3733
1.5070  24.3747
1.5080  24.3762
1.5090  24.3776
1.5100  24.3790
1.5110  24.3805
1.5120  24.3819
1.5130  24.3833
1.5140  24.3847
1.5150  24.3862
1.5160  24.3876
1.5170  24.3890
1.5180  24.3905
1.5190  24.3919
1.5200  24.3933
1.5210  24.3948
1.5220  24.3962
1.5230  24.3976
1.5240  24.3991
1.5250  24.4005
1.5260  24.4019
1.5270  24.4034
1.5280  24.4048
1.5290  24.4063
1.5300  24.4077
1.5310  24.4091
1.5320  24.4106
1.5330  24.4120
1.5340  24.4135
1.5350  24.4150
1.5360  24.4164
1.5370  24.4179
1.5380  24.4194
1.5390  24.4208
1.5400  24.4223
1.5410  24.4238
1.5420  24.4253
1.5430  24.4268
1.5440  24.4283
1.5450  24.4298
1.5460  24.4314
1.5470  24.4329
1.5480  24.4344
1.5490  24.4360
1.5500  24.4376
1.5510  24.4391
1.5520  24.4407
1.5530  24.4423
1.5540  24.4439
1.5550  24.4455
1.5560  24.4471
1.5570  24.4488
1.5580  24.4504
1.5590  24.4521
1.5600  24.4537
1.5610  24.4554
1.5620  24.4571
1.5630  24.4588
1.5640  24.4605
1.5650  24.4622
1.5660  24.4640
1.5670  24.4657
1.5680  24.4675
1.5690  24.4693
1.5700  24.4710
1.5710  24.4728
1.5720  24.4747
1.5730  24.4765
1.5740  24.4783
1.5750  24.4802
1.5760  24.4820
1.5770  24.4839
1.5780  24.4858
1.5790  24.4877
1.5800  24.4897
1.5810  24.4916
1.5820  24.4935
1.5830  24.4955
1.5840  24.4975
1.5850  24.4995
1.5860  24.5015
1.5870  24.5035
1.5880  24.5055
1.5890  24.5076
1.5900  24.5096
1.5910  24.5117
1.5920  24.5138
1.5930  24.5158
1.5940  24.5179
1.5950  24.5200
1.5960  24.5222
1.5970  24.5243
1.5980  24.5264
1.5990  24.5286
1.6000  24.5307
1.6010  24.5329
1.6020  24.5351
1.6030  24.5373
1.6040  24.5395
1.6050  24.5417
1.6060  24.5439
1.6070  24.5461
1.6080  24.5483
1.6090  24.5505
1.6100  24.5527
1.6110  24.5550
1.6120  24.5572
1.6130  24.5595
1.6140  24.5617
1.6150  24.5640
1.6160  24.5663
1.6170  24.5685
1.6180  24.5708
1.6190  24.5731
1.6200  24.5754
1.6210  24.5777
1.6220  24.5800
1.6230  24.5823
1.6240  24.5846
1.6250  24.5869
1.6260  24.5892
1.6270  24.5916
1.6280  24.5939
1.6290  24.5962
1.6300  24.5986
1.6310  24.6009
1.6320  24.6033
1.6330  24.6056
1.6340  24.6080
1.6350  24.6104
1.6360  24.6128
1.6370  24.6152
1.6380  24.6175
1.6390  24.6200
1.6400  24.6224
1.6410  24.6248
1.6420  24.6272
1.6430  24.6296
1.6440  24.6320
1.6450  24.6345
1.6460  24.6369
1.6470  24.6394
1.6480  24.6418
1.6490  24.6443
1.6500  24.6467
1.6510  24.6492
1.6520  24.6517
1.6530  24.6541
1.6540  24.6566
1.6550  24.6591
1.6560  24.6616
1.6570  24.6640
1.6580  24.6665
1.6590  24.6690
1.6600  24.6715
1.6610  24.6740
1.6620  24.6765
1.6630  24.6789
1.6640  24.6814
1.6650  24.6839
1.6660  24.6864
1.6670  24.6889
1.6680  24.6913
1.6690  24.6938
1.6700  24.6962
1.6710  24.6987
1.6720  24.7012
1.6730  24.7036
1.6740  24.7061
1.6750  24.7085
1.6760  24.7109
1.6770  24.7134
1.6780  24.7158
1.6790  24.7182
1.6800  24.7206
1.6810  24.7230
1.6820  24.7254
1.6830  24.7278
1.6840  24.7302
1.6850  24.7326
1.6860  24.7350
1.6870  24.7374
1.6880  24.7397
1.6890  24.7421
1.6900  24.7444
1.6910  24.7468
1.6920  24.7491
1.6930  24.7515
1.6940  24.7538
1.6950  24.7562
1.6960  24.7585
1.6970  24.7608
1.6980  24.7631
1.6990  24.7654
1.7000  24.7678
1.7010  24.7701
1.7020  24.7724
1.7030  24.7747
1.7040  24.7770
1.7050  24.7793
1.7060  24.7816
1.7070  24.7839
1.7080  24.7862
1.7090  24.7884
1.7100  24.7907
1.7110  24.7930
1.7120  24.7953
1.7130  24.7976
1.7140  24.7998
1.7150  24.8021
1.7160  24.8044
1.7170  24.8066
1.7180  24.8089
1.7190  24.8112
1.7200  24.8135
1.7210  24.8157
1.7220  24.8180
1.7230  24.8202
1.7240  24.8225
1.7250  24.8248
1.7260  24.8270
1.7270  24.8293
1.7280  24.8316
1.7290  24.8338
1.7300  24.8361
1.7310  24.8383
1.7320  24.8406
1.7330  24.8429
1.7340  24.8451
1.7350  24.8474
1.7360  24.8496
1.7370  24.8519
1.7380  24.8541
1.7390  24.8564
1.7400  24.8587
1.7410  24.8609
1.7420  24.8632
1.7430  24.8654
1.7440  24.8677
1.7450  24.8699
1.7460  24.8722
1.7470  24.8744
1.7480  24.8767
1.7490  24.8789
1.7500  24.8812
1.7510  24.8834
1.7520  24.8856
1.7530  24.8879
1.7540  24.8901
1.7550  24.8923
1.7560  24.8946
1.7570  24.8968
1.7580  24.8990
1.7590  24.9012
1.7600  24.9034
1.7610  24.9056
1.7620  24.9078
1.7630  24.9100
1.7640  24.9122
1.7650  24.9143
1.7660  24.9165
1.7670  24.9186
1.7680  24.9208
1.7690  24.9229
1.7700  24.9251
1.7710  24.9272
1.7720  24.9293
1.7730  24.9314
1.7740  24.9335
1.7750  24.9356
1.7760  24.9377
1.7770  24.9398
1.7780  24.9419
1.7790  24.9439
1.7800  24.9460
1.7810  24.9480
1.7820  24.9501
1.7830  24.9521
1.7840  24.9542
1.7850  24.9562
1.7860  24.9582
1.7870  24.9602
1.7880  24.9623
1.7890  24.9643
1.7900  24.9663
1.7910  24.9683
1.7920  24.9703
1.7930  24.9723
1.7940  24.9744
1.7950  24.9764
1.7960  24.9784
1.7970  24.9804
1.7980  24.9824
1.7990  24.9845
1.8000  24.9865
1.8010  24.9885
1.8020  24.9905
1.8030  24.9926
1.8040  24.9946
1.8050  24.9967
1.8060  24.9987
1.8070  25.0008
1.8080  25.0029
1.8090  25.0050
1.8100  25.0070
1.8110  25.0091
1.8120  25.0112
1.8130  25.0133
1.8140  25.0155
1.8150  25.0176
1.8160  25.0197
1.8170  25.0219
1.8180  25.0240
1.8190  25.0262
1.8200  25.0283
1.8210  25.0305
1.8220  25.0327
1.8230  25.0349
1.8240  25.0371
1.8250  25.0393
1.8260  25.0415
1.8270  25.0438
1.8280  25.0460
1.8290  25.0483
1.8300  25.0505
1.8310  25.0528
1.8320  25.0551
1.8330  25.0574
1.8340  25.0597
1.8350  25.0620
1.8360  25.0643
1.8370  25.0666
1.8380  25.0689
1.8390  25.0713
1.8400  25.0736
1.8410  25.0760
1.8420  25.0784
1.8430  25.0807
1.8440  25.0831
1.8450  25.0855
1.8460  25.0879
1.8470  25.0904
1.8480  25.0928
1.8490  25.0952
1.8500  25.0977
1.8510  25.1001
1.8520  25.1026
1.8530  25.1050
1.8540  25.1075
1.8550  25.1100
1.8560  25.1125
1.8570  25.1150
1.8580  25.1175
1.8590  25.1200
1.8600  25.1225
1.8610  25.1251
1.8620  25.1276
1.8630  25.1302
1.8640  25.1327
1.8650  25.1353
1.8660  25.1378
1.8670  25.1404
1.8680  25.1430
1.8690  25.1456
1.8700  25.1482
1.8710  25.1508
1.8720  25.1534
1.8730  25.1560
1.8740  25.1586
1.8750  25.1612
1.8760  25.1638
1.8770  25.1665
1.8780  25.1691
1.8790  25.1717
1.8800  25.1744
1.8810  25.1770
1.8820  25.1797
1.8830  25.1823
1.8840  25.1850
1.8850  25.1877
1.8860  25.1904
1.8870  25.1931
1.8880  25.1957
1.8890  25.1984
1.8900  25.2012
1.8910  25.2039
1.8920  25.2066
1.8930  25.2093
1.8940  25.2120
1.8950  25.2148
1.8960  25.2175
1.8970  25.2203
1.8980  25.2231
1.8990  25.2258
1.9000  25.2286
1.9010  25.2314
1.9020  25.2342
1.9030  25.2370
1.9040  25.2398
1.9050  25.2426
1.9060  25.2455
1.9070  25.2483
1.9080  25.2512
1.9090  25.2541
1.9100  25.2569
1.9110  25.2598
1.9120  25.2627
1.9130  25.2657
1.9140  25.2686
1.9150  25.2715
1.9160  25.2745
1.9170  25.2774
1.9180  25.2804
1.9190  25.2834
1.9200  25.2864
1.9210  25.2894
1.9220  25.2924
1.9230  25.2955
1.9240  25.2985
1.9250  25.3015
1.9260  25.3046
1.9270  25.3077
1.9280  25.3108
1.9290  25.3139
1.9300  25.3170
1.9310  25.3200
1.9320  25.3232
1.9330  25.3263
1.9340  25.3294
1.9350  25.3326
1.9360  25.3357
1.9370  25.3389
1.9380  25.3420
1.9390  25.3452
1.9400  25.3484
1.9410  25.3515
1.9420  25.3547
1.9430  25.3579
1.9440  25.3610
1.9450  25.3642
1.9460  25.3674
1.9470  25.3706
1.9480  25.3738
1.9490  25.3770
1.9500  25.3802
1.9510  25.3833
1.9520  25.3865
1.9530  25.3897
1.9540  25.3929
1.9550  25.3961
1.9560  25.3992
1.9570  25.4024
1.9580  25.4056
1.9590  25.4087
1.9600  25.4119
1.9610  25.4150
1.9620  25.4182
1.9630  25.4214
1.9640  25.4245
1.9650  25.4277
1.9660  25.4308
1.9670  25.4339
1.9680  25.4371
1.9690  25.4402
1.9700  25.4433
1.9710  25.4465
1.9720  25.4495
1.9730  25.4527
1.9740  25.4558
1.9750  25.4589
1.9760  25.4620
1.9770  25.4651
1.9780  25.4682
1.9790  25.4713
1.9800  25.4744
1.9810  25.4774
1.9820  25.4805
1.9830  25.4836
1.9840  25.4867
1.9850  25.4897
1.9860  25.4928
1.9870  25.4959
1.9880  25.4989
1.9890  25.5020
1.9900  25.5050
1.9910  25.5081
1.9920  25.5111
1.9930  25.5141
1.9940  25.5172
1.9950  25.5202
1.9960  25.5232
1.9970  25.5263
1.9980  25.5293
1.9990  25.5323
2.0000  25.5354
2.0010  25.5384
2.0020  25.5414
2.0030  25.5444
2.0040  25.5474
2.0050  25.5505
2.0060  25.5535
2.0070  25.5565
2.0080  25.5595
2.0090  25.5626
2.0100  25.5656
2.0110  25.5686
2.0120  25.5717
2.0130  25.5747
2.0140  25.5777
2.0150  25.5808
2.0160  25.5838
2.0170  25.5869
2.0180  25.5899
2.0190  25.5930
2.0200  25.5960
2.0210  25.5991
2.0220  25.6022
2.0230  25.6053
2.0240  25.6084
2.0250  25.6115
2.0260  25.6146
2.0270  25.6177
2.0280  25.6208
2.0290  25.6240
2.0300  25.6271
2.0310  25.6303
2.0320  25.6334
2.0330  25.6366
2.0340  25.6398
2.0350  25.6430
2.0360  25.6462
2.0370  25.6494
2.0380  25.6526
2.0390  25.6558
2.0400  25.6591
2.0410  25.6623
2.0420  25.6656
2.0430  25.6689
2.0440  25.6721
2.0450  25.6754
2.0460  25.6787
2.0470  25.6820
2.0480  25.6853
2.0490  25.6886
2.0500  25.6920
2.0510  25.6953
2.0520  25.6986
2.0530  25.7019
2.0540  25.7053
2.0550  25.7086
2.0560  25.7119
2.0570  25.7153
2.0580  25.7186
2.0590  25.7220
2.0600  25.7253
2.0610  25.7287
2.0620  25.7320
2.0630  25.7354
2.0640  25.7387
2.0650  25.7421
2.0660  25.7455
2.0670  25.7488
2.0680  25.7522
2.0690  25.7555
2.0700  25.7588
2.0710  25.7622
2.0720  25.7655
2.0730  25.7688
2.0740  25.7721
2.0750  25.7754
2.0760  25.7788
2.0770  25.7821
2.0780  25.7854
2.0790  25.7886
2.0800  25.7919
2.0810  25.7952
2.0820  25.7984
2.0830  25.8017
2.0840  25.8049
2.0850  25.8081
2.0860  25.8114
2.0870  25.8146
2.0880  25.8178
2.0890  25.8210
2.0900  25.8241
2.0910  25.8273
2.0920  25.8304
2.0930  25.8335
2.0940  25.8366
2.0950  25.8397
2.0960  25.8428
2.0970  25.8459
2.0980  25.8489
2.0990  25.8519
2.1000  25.8549
2.1010  25.8579
2.1020  25.8609
2.1030  25.8638
2.1040  25.8668
2.1050  25.8697
2.1060  25.8726
2.1070  25.8754
2.1080  25.8783
2.1090  25.8811
2.1100  25.8839
2.1110  25.8867
2.1120  25.8894
2.1130  25.8921
2.1140  25.8948
2.1150  25.8975
2.1160  25.9002
2.1170  25.9028
2.1180  25.9054
2.1190  25.9080
2.1200  25.9106
2.1210  25.9131
2.1220  25.9156
2.1230  25.9181
2.1240  25.9206
2.1250  25.9230
2.1260  25.9254
2.1270  25.9278
2.1280  25.9302
2.1290  25.9325
2.1300  25.9349
2.1310  25.9372
2.1320  25.9395
2.1330  25.9418
2.1340  25.9440
2.1350  25.9463
2.1360  25.9485
2.1370  25.9507
2.1380  25.9529
2.1390  25.9551
2.1400  25.9573
2.1410  25.9594
2.1420  25.9615
2.1430  25.9637
2.1440  25.9658
2.1450  25.9679
2.1460  25.9700
2.1470  25.9720
2.1480  25.9741
2.1490  25.9762
2.1500  25.9782
2.1510  25.9803
2.1520  25.9823
2.1530  25.9844
2.1540  25.9864
2.1550  25.9884
2.1560  25.9904
2.1570  25.9924
2.1580  25.9945
2.1590  25.9965
2.1600  25.9985
2.1610  26.0005
2.1620  26.0025
2.1630  26.0045
2.1640  26.0065
2.1650  26.0084
2.1660  26.0104
2.1670  26.0124
2.1680  26.0144
2.1690  26.0164
2.1700  26.0184
2.1710  26.0204
2.1720  26.0223
2.1730  26.0243
2.1740  26.0263
2.1750  26.0283
2.1760  26.0302
2.1770  26.0322
2.1780  26.0342
2.1790  26.0362
2.1800  26.0381
2.1810  26.0401
2.1820  26.0421
2.1830  26.0440
2.1840  26.0460
2.1850  26.0480
2.1860  26.0499
2.1870  26.0519
2.1880  26.0539
2.1890  26.0558
2.1900  26.0578
2.1910  26.0597
2.1920  26.0617
2.1930  26.0637
2.1940  26.0656
2.1950  26.0676
2.1960  26.0695
2.1970  26.0715
2.1980  26.0734
2.1990  26.0754
2.2000  26.0773
2.2010  26.0793
2.2020  26.0812
2.2030  26.0832
2.2040  26.0851
2.2050  26.0870
2.2060  26.0890
2.2070  26.0909
2.2080  26.0929
2.2090  26.0948
2.2100  26.0967
2.2110  26.0987
2.2120  26.1006
2.2130  26.1026
2.2140  26.1045
2.2150  26.1065
2.2160  26.1084
2.2170  26.1104
2.2180  26.1124
2.2190  26.1143
2.2200  26.1163
2.2210  26.1183
2.2220  26.1202
2.2230  26.1222
2.2240  26.1242
2.2250  26.1262
2.2260  26.1282
2.2270  26.1302
2.2280  26.1322
2.2290  26.1343
2.2300  26.1363
2.2310  26.1383
2.2320  26.1404
2.2330  26.1425
2.2340  26.1445
2.2350  26.1466
2.2360  26.1487
2.2370  26.1508
2.2380  26.1529
2.2390  26.1551
2.2400  26.1572
2.2410  26.1594
2.2420  26.1615
2.2430  26.1637
2.2440  26.1659
2.2450  26.1681
2.2460  26.1703
2.2470  26.1726
2.2480  26.1748
2.2490  26.1771
2.2500  26.1794
2.2510  26.1817
2.2520  26.1841
2.2530  26.1864
2.2540  26.1888
2.2550  26.1911
2.2560  26.1935
2.2570  26.1960
2.2580  26.1984
2.2590  26.2008
2.2600  26.2033
2.2610  26.2058
2.2620  26.2083
2.2630  26.2108
2.2640  26.2134
2.2650  26.2159
2.2660  26.2185
2.2670  26.2211
2.2680  26.2238
2.2690  26.2264
2.2700  26.2290
2.2710  26.2317
2.2720  26.2344
2.2730  26.2371
2.2740  26.2398
2.2750  26.2426
2.2760  26.2454
2.2770  26.2481
2.2780  26.2509
2.2790  26.2538
2.2800  26.2566
2.2810  26.2594
2.2820  26.2623
2.2830  26.2652
2.2840  26.2681
2.2850  26.2710
2.2860  26.2739
2.2870  26.2769
2.2880  26.2799
2.2890  26.2828
2.2900  26.2858
2.2910  26.2889
2.2920  26.2919
2.2930  26.2949
2.2940  26.2980
2.2950  26.3011
2.2960  26.3042
2.2970  26.3073
2.2980  26.3104
2.2990  26.3136
2.3000  26.3167
2.3010  26.3199
2.3020  26.3231
2.3030  26.3263
2.3040  26.3295
2.3050  26.3327
2.3060  26.3360
2.3070  26.3392
2.3080  26.3425
2.3090  26.3458
2.3100  26.3491
2.3110  26.3524
2.3120  26.3557
2.3130  26.3590
2.3140  26.3624
2.3150  26.3657
2.3160  26.3691
2.3170  26.3725
2.3180  26.3759
2.3190  26.3793
2.3200  26.3827
2.3210  26.3861
2.3220  26.3896
2.3230  26.3930
2.3240  26.3965
2.3250  26.4000
2.3260  26.4035
2.3270  26.4069
2.3280  26.4104
2.3290  26.4140
2.3300  26.4175
2.3310  26.4210
2.3320  26.4246
2.3330  26.4281
2.3340  26.4317
2.3350  26.4352
2.3360  26.4388
2.3370  26.4424
2.3380  26.4460
2.3390  26.4496
2.3400  26.4532
2.3410  26.4568
2.3420  26.4604
2.3430  26.4640
2.3440  26.4677
2.3450  26.4713
2.3460  26.4750
2.3470  26.4786
2.3480  26.4822
2.3490  26.4859
2.3500  26.4896
2.3510  26.4933
2.3520  26.4969
2.3530  26.5006
2.3540  26.5043
2.3550  26.5080
2.3560  26.5117
2.3570  26.5154
2.3580  26.5191
2.3590  26.5228
2.3600  26.5265
2.3610  26.5302
2.3620  26.5339
2.3630  26.5376
2.3640  26.5414
2.3650  26.5451
2.3660  26.5488
2.3670  26.5525
2.3680  26.5563
2.3690  26.5600
2.3700  26.5637
2.3710  26.5675
2.3720  26.5712
2.3730  26.5749
2.3740  26.5786
2.3750  26.5824
2.3760  26.5861
2.3770  26.5898
2.3780  26.5936
2.3790  26.5973
2.3800  26.6010
2.3810  26.6048
2.3820  26.6085
2.3830  26.6122
2.3840  26.6159
2.3850  26.6197
2.3860  26.6234
2.3870  26.6271
2.3880  26.6308
2.3890  26.6345
2.3900  26.6382
2.3910  26.6420
2.3920  26.6457
2.3930  26.6494
2.3940  26.6531
2.3950  26.6568
2.3960  26.6604
2.3970  26.6641
2.3980  26.6678
2.3990  26.6715
2.4000  26.6751
2.4010  26.6788
2.4020  26.6825
2.4030  26.6861
2.4040  26.6898
2.4050  26.6934
2.4060  26.6970
2.4070  26.7007
2.4080  26.7043
2.4090  26.7079
2.4100  26.7116
2.4110  26.7152
2.4120  26.7188
2.4130  26.7224
2.4140  26.7260
2.4150  26.7296
2.4160  26.7331
2.4170  26.7367
2.4180  26.7403
2.4190  26.7439
2.4200  26.7474
2.4210  26.7510
2.4220  26.7545
2.4230  26.7581
2.4240  26.7616
2.4250  26.7652
2.4260  26.7687
2.4270  26.7722
2.4280  26.7758
2.4290  26.7793
2.4300  26.7828
2.4310  26.7863
2.4320  26.7898
2.4330  26.7933
2.4340  26.7968
2.4350  26.8003
2.4360  26.8038
2.4370  26.8073
2.4380  26.8107
2.4390  26.8142
2.4400  26.8177
2.4410  26.8211
2.4420  26.8246
2.4430  26.8281
2.4440  26.8315
2.4450  26.8350
2.4460  26.8384
2.4470  26.8419
2.4480  26.8453
2.4490  26.8488
2.4500  26.8522
2.4510  26.8556
2.4520  26.8591
2.4530  26.8625
2.4540  26.8659
2.4550  26.8693
2.4560  26.8728
2.4570  26.8762
2.4580  26.8796
2.4590  26.8830
2.4600  26.8864
2.4610  26.8898
2.4620  26.8932
2.4630  26.8966
2.4640  26.9000
2.4650  26.9034
2.4660  26.9068
2.4670  26.9101
2.4680  26.9135
2.4690  26.9169
2.4700  26.9203
2.4710  26.9236
2.4720  26.9270
2.4730  26.9303
2.4740  26.9337
2.4750  26.9371
2.4760  26.9404
2.4770  26.9437
2.4780  26.9471
2.4790  26.9504
2.4800  26.9537
2.4810  26.9571
2.4820  26.9604
2.4830  26.9637
2.4840  26.9670
2.4850  26.9703
2.4860  26.9736
2.4870  26.9769
2.4880  26.9802
2.4890  26.9835
2.4900  26.9868
2.4910  26.9901
2.4920  26.9934
2.4930  26.9966
2.4940  26.9999
2.4950  27.0032
2.4960  27.0064
2.4970  27.0097
2.4980  27.0129
2.4990  27.0161
2.5000  27.0194
2.5010  27.0226
2.5020  27.0258
2.5030  27.0291
2.5040  27.0323
2.5050  27.0355
2.5060  27.0387
2.5070  27.0419
2.5080  27.0451
2.5090  27.0483
2.5100  27.0515
2.5110  27.0546
2.5120  27.0578
2.5130  27.0610
2.5140  27.0641
2.5150  27.0673
2.5160  27.0705
2.5170  27.0736
2.5180  27.0767
2.5190  27.0799
2.5200  27.0830
2.5210  27.0862
2.5220  27.0893
2.5230  27.0924
2.5240  27.0955
2.5250  27.0986
2.5260  27.1018
2.5270  27.1049
2.5280  27.1080
2.5290  27.1111
2.5300  27.1142
2.5310  27.1173
2.5320  27.1204
2.5330  27.1235
2.5340  27.1265
2.5350  27.1296
2.5360  27.1327
2.5370  27.1358
2.5380  27.1389
2.5390  27.1420
2.5400  27.1450
2.5410  27.1481
2.5420  27.1512
2.5430  27.1542
2.5440  27.1573
2.5450  27.1604
2.5460  27.1635
2.5470  27.1665
2.5480  27.1696
2.5490  27.1727
2.5500  27.1757
2.5510  27.1788
2.5520  27.1819
2.5530  27.1849
2.5540  27.1880
2.5550  27.1911
2.5560  27.1941
2.5570  27.1972
2.5580  27.2003
2.5590  27.2034
2.5600  27.2064
2.5610  27.2095
2.5620  27.2126
2.5630  27.2157
2.5640  27.2188
2.5650  27.2219
2.5660  27.2249
2.5670  27.2280
2.5680  27.2311
2.5690  27.2342
2.5700  27.2373
2.5710  27.2404
2.5720  27.2435
2.5730  27.2466
2.5740  27.2497
2.5750  27.2528
2.5760  27.2559
2.5770  27.2590
2.5780  27.2621
2.5790  27.2652
2.5800  27.2683
2.5810  27.2714
2.5820  27.2745
2.5830  27.2776
2.5840  27.2807
2.5850  27.2838
2.5860  27.2869
2.5870  27.2900
2.5880  27.2931
2.5890  27.2962
2.5900  27.2993
2.5910  27.3024
2.5920  27.3055
2.5930  27.3086
2.5940  27.3117
2.5950  27.3147
2.5960  27.3178
2.5970  27.3209
2.5980  27.3240
2.5990  27.3271
2.6000  27.3301
2.6010  27.3332
2.6020  27.3363
2.6030  27.3393
2.6040  27.3424
2.6050  27.3454
2.6060  27.3485
2.6070  27.3515
2.6080  27.3546
2.6090  27.3576
2.6100  27.3606
2.6110  27.3636
2.6120  27.3667
2.6130  27.3697
2.6140  27.3727
2.6150  27.3757
2.6160  27.3787
2.6170  27.3816
2.6180  27.3846
2.6190  27.3876
2.6200  27.3905
2.6210  27.3935
2.6220  27.3965
2.6230  27.3994
2.6240  27.4023
2.6250  27.4053
2.6260  27.4082
2.6270  27.4111
2.6280  27.4140
2.6290  27.4169
2.6300  27.4198
2.6310  27.4226
2.6320  27.4255
2.6330  27.4284
2.6340  27.4312
2.6350  27.4341
2.6360  27.4370
2.6370  27.4398
2.6380  27.4426
2.6390  27.4455
2.6400  27.4483
2.6410  27.4511
2.6420  27.4539
2.6430  27.4567
2.6440  27.4595
2.6450  27.4623
2.6460  27.4651
2.6470  27.4679
2.6480  27.4707
2.6490  27.4734
2.6500  27.4762
2.6510  27.4790
2.6520  27.4817
2.6530  27.4845
2.6540  27.4873
2.6550  27.4900
2.6560  27.4927
2.6570  27.4955
2.6580  27.4983
2.6590  27.5010
2.6600  27.5037
2.6610  27.5065
2.6620  27.5092
2.6630  27.5119
2.6640  27.5147
2.6650  27.5174
2.6660  27.5201
2.6670  27.5228
2.6680  27.5256
2.6690  27.5283
2.6700  27.5310
2.6710  27.5337
2.6720  27.5365
2.6730  27.5392
2.6740  27.5419
2.6750  27.5446
2.6760  27.5473
2.6770  27.5500
2.6780  27.5528
2.6790  27.5555
2.6800  27.5582
2.6810  27.5610
2.6820  27.5637
2.6830  27.5664
2.6840  27.5691
2.6850  27.5719
2.6860  27.5746
2.6870  27.5774
2.6880  27.5801
2.6890  27.5829
2.6900  27.5856
2.6910  27.5883
2.6920  27.5911
2.6930  27.5939
2.6940  27.5966
2.6950  27.5994
2.6960  27.6022
2.6970  27.6049
2.6980  27.6077
2.6990  27.6105
2.7000  27.6133
2.7010  27.6161
2.7020  27.6189
2.7030  27.6217
2.7040  27.6245
2.7050  27.6273
2.7060  27.6302
2.7070  27.6330
2.7080  27.6359
2.7090  27.6387
2.7100  27.6416
2.7110  27.6444
2.7120  27.6473
2.7130  27.6502
2.7140  27.6531
2.7150  27.6560
2.7160  27.6589
2.7170  27.6618
2.7180  27.6647
2.7190  27.6676
2.7200  27.6706
2.7210  27.6735
2.7220  27.6765
2.7230  27.6795
2.7240  27.6824
2.7250  27.6854
2.7260  27.6884
2.7270  27.6914
2.7280  27.6945
2.7290  27.6975
2.7300  27.7006
2.7310  27.7036
2.7320  27.7067
2.7330  27.7098
2.7340  27.7129
2.7350  27.7160
2.7360  27.7191
2.7370  27.7223
2.7380  27.7254
2.7390  27.7286
2.7400  27.7318
2.7410  27.7349
2.7420  27.7382
2.7430  27.7414
2.7440  27.7446
2.7450  27.7478
2.7460  27.7511
2.7470  27.7544
2.7480  27.7577
2.7490  27.7610
2.7500  27.7643
2.7510  27.7676
2.7520  27.7710
2.7530  27.7743
2.7540  27.7777
2.7550  27.7811
2.7560  27.7845
2.7570  27.7879
2.7580  27.7914
2.7590  27.7948
2.7600  27.7983
2.7610  27.8017
2.7620  27.8052
2.7630  27.8087
2.7640  27.8122
2.7650  27.8158
2.7660  27.8193
2.7670  27.8228
2.7680  27.8264
2.7690  27.8300
2.7700  27.8336
2.7710  27.8371
2.7720  27.8408
2.7730  27.8444
2.7740  27.8480
2.7750  27.8517
2.7760  27.8553
2.7770  27.8590
2.7780  27.8626
2.7790  27.8663
2.7800  27.8700
2.7810  27.8737
2.7820  27.8775
2.7830  27.8812
2.7840  27.8849
2.7850  27.8887
2.7860  27.8924
2.7870  27.8962
2.7880  27.9000
2.7890  27.9038
2.7900  27.9076
2.7910  27.9114
2.7920  27.9152
2.7930  27.9190
2.7940  27.9228
2.7950  27.9267
2.7960  27.9305
2.7970  27.9344
2.7980  27.9382
2.7990  27.9421
2.8000  27.9460
2.8010  27.9498
2.8020  27.9537
2.8030  27.9576
2.8040  27.9615
2.8050  27.9654
2.8060  27.9693
2.8070  27.9732
2.8080  27.9772
2.8090  27.9811
2.8100  27.9850
2.8110  27.9890
2.8120  27.9929
2.8130  27.9968
2.8140  28.0008
2.8150  28.0048
2.8160  28.0087
2.8170  28.0127
2.8180  28.0166
2.8190  28.0206
2.8200  28.0246
2.8210  28.0286
2.8220  28.0325
2.8230  28.0365
2.8240  28.0405
2.8250  28.0445
2.8260  28.0485
2.8270  28.0525
2.8280  28.0565
2.8290  28.0605
2.8300  28.0645
2.8310  28.0684
2.8320  28.0725
2.8330  28.0765
2.8340  28.0804
2.8350  28.0844
2.8360  28.0885
2.8370  28.0924
2.8380  28.0964
2.8390  28.1004
2.8400  28.1045
2.8410  28.1084
2.8420  28.1124
2.8430  28.1164
2.8440  28.1204
2.8450  28.1244
2.8460  28.1284
2.8470  28.1324
2.8480  28.1364
2.8490  28.1404
2.8500  28.1444
2.8510  28.1483
2.8520  28.1523
2.8530  28.1563
2.8540  28.1603
2.8550  28.1643
2.8560  28.1682
2.8570  28.1722
2.8580  28.1762
2.8590  28.1801
2.8600  28.1841
2.8610  28.1881
2.8620  28.1920
2.8630  28.1959
2.8640  28.1999
2.8650  28.2038
2.8660  28.2077
2.8670  28.2117
2.8680  28.2156
2.8690  28.2195
2.8700  28.2235
2.8710  28.2274
2.8720  28.2313
2.8730  28.2352
2.8740  28.2391
2.8750  28.2430
2.8760  28.2469
2.8770  28.2508
2.8780  28.2546
2.8790  28.2585
2.8800  28.2624
2.8810  28.2663
2.8820  28.2701
2.8830  28.2740
2.8840  28.2778
2.8850  28.2816
2.8860  28.2855
2.8870  28.2893
2.8880  28.2932
2.8890  28.2970
2.8900  28.3008
2.8910  28.3046
2.8920  28.3084
2.8930  28.3122
2.8940  28.3161
2.8950  28.3199
2.8960  28.3237
2.8970  28.3274
2.8980  28.3312
2.8990  28.3350
2.9000  28.3388
2.9010  28.3426
2.9020  28.3463
2.9030  28.3501
2.9040  28.3539
2.9050  28.3576
2.9060  28.3613
2.9070  28.3651
2.9080  28.3689
2.9090  28.3726
2.9100  28.3764
2.9110  28.3801
2.9120  28.3838
2.9130  28.3876
2.9140  28.3913
2.9150  28.3950
2.9160  28.3988
2.9170  28.4025
2.9180  28.4062
2.9190  28.4099
2.9200  28.4137
2.9210  28.4174
2.9220  28.4211
2.9230  28.4248
2.9240  28.4285
2.9250  28.4322
2.9260  28.4360
2.9270  28.4397
2.9280  28.4434
2.9290  28.4471
2.9300  28.4508
2.9310  28.4545
2.9320  28.4582
2.9330  28.4619
2.9340  28.4656
2.9350  28.4693
2.9360  28.4731
2.9370  28.4768
2.9380  28.4805
2.9390  28.4842
2.9400  28.4879
2.9410  28.4916
2.9420  28.4953
2.9430  28.4990
2.9440  28.5027
2.9450  28.5064
2.9460  28.5101
2.9470  28.5138
2.9480  28.5175
2.9490  28.5212
2.9500  28.5250
2.9510  28.5287
2.9520  28.5324
2.9530  28.5361
2.9540  28.5398
2.9550  28.5435
2.9560  28.5472
2.9570  28.5510
2.9580  28.5547
2.9590  28.5584
2.9600  28.5621
2.9610  28.5659
2.9620  28.5696
2.9630  28.5733
2.9640  28.5771
2.9650  28.5808
2.9660  28.5845
2.9670  28.5883
2.9680  28.5920
2.9690  28.5958
2.9700  28.5995
2.9710  28.6033
2.9720  28.6071
2.9730  28.6108
2.9740  28.6146
2.9750  28.6184
2.9760  28.6222
2.9770  28.6260
2.9780  28.6298
2.9790  28.6336
2.9800  28.6374
2.9810  28.6412
2.9820  28.6451
2.9830  28.6489
2.9840  28.6528
2.9850  28.6566
2.9860  28.6605
2.9870  28.6644
2.9880  28.6683
2.9890  28.6722
2.9900  28.6761
2.9910  28.6800
2.9920  28.6839
2.9930  28.6879
2.9940  28.6918
2.9950  28.6958
2.9960  28.6998
2.9970  28.7038
2.9980  28.7078
2.9990  28.7119
3.0000  28.7159
3.0010  28.7200
3.0020  28.7240
3.0030  28.7281
3.0040  28.7323
3.0050  28.7364
3.0060  28.7405
3.0070  28.7447
3.0080  28.7489
3.0090  28.7531
3.0100  28.7573
3.0110  28.7615
3.0120  28.7658
3.0130  28.7700
3.0140  28.7743
3.0150  28.7787
3.0160  28.7830
3.0170  28.7873
3.0180  28.7917
3.0190  28.7961
3.0200  28.8005
3.0210  28.8050
3.0220  28.8095
3.0230  28.8139
3.0240  28.8184
3.0250  28.8230
3.0260  28.8275
3.0270  28.8321
3.0280  28.8367
3.0290  28.8413
3.0300  28.8460
3.0310  28.8507
3.0320  28.8554
3.0330  28.8601
3.0340  28.8648
3.0350  28.8695
3.0360  28.8743
3.0370  28.8791
3.0380  28.8840
3.0390  28.8889
3.0400  28.8937
3.0410  28.8986
3.0420  28.9035
3.0430  28.9085
3.0440  28.9134
3.0450  28.9184
3.0460  28.9235
3.0470  28.9285
3.0480  28.9335
3.0490  28.9386
3.0500  28.9437
3.0510  28.9488
3.0520  28.9539
3.0530  28.9591
3.0540  28.9643
3.0550  28.9694
3.0560  28.9747
3.0570  28.9799
3.0580  28.9852
3.0590  28.9905
3.0600  28.9958
3.0610  29.0011
3.0620  29.0064
3.0630  29.0118
3.0640  29.0172
3.0650  29.0226
3.0660  29.0280
3.0670  29.0334
3.0680  29.0389
3.0690  29.0443
3.0700  29.0498
3.0710  29.0553
3.0720  29.0609
3.0730  29.0664
3.0740  29.0720
3.0750  29.0775
3.0760  29.0831
3.0770  29.0887
3.0780  29.0944
3.0790  29.1000
3.0800  29.1057
3.0810  29.1114
3.0820  29.1170
3.0830  29.1227
3.0840  29.1285
3.0850  29.1342
3.0860  29.1399
3.0870  29.1457
3.0880  29.1515
3.0890  29.1573
3.0900  29.1631
3.0910  29.1689
3.0920  29.1748
3.0930  29.1806
3.0940  29.1865
3.0950  29.1924
3.0960  29.1983
3.0970  29.2042
3.0980  29.2101
3.0990  29.2161
3.1000  29.2221
3.1010  29.2280
3.1020  29.2340
3.1030  29.2400
3.1040  29.2460
3.1050  29.2520
3.1060  29.2581
3.1070  29.2641
3.1080  29.2702
3.1090  29.2762
3.1100  29.2823
3.1110  29.2884
3.1120  29.2945
3.1130  29.3006
3.1140  29.3068
3.1150  29.3129
3.1160  29.3191
3.1170  29.3252
3.1180  29.3313
3.1190  29.3375
3.1200  29.3437
3.1210  29.3499
3.1220  29.3561
3.1230  29.3623
3.1240  29.3685
3.1250  29.3748
3.1260  29.3810
3.1270  29.3872
3.1280  29.3935
3.1290  29.3997
3.1300  29.4060
3.1310  29.4122
3.1320  29.4185
3.1330  29.4248
3.1340  29.4310
3.1350  29.4373
3.1360  29.4436
3.1370  29.4499
3.1380  29.4561
3.1390  29.4624
3.1400  29.4687
3.1410  29.4750
3.1420  29.4813
3.1430  29.4876
3.1440  29.4939
3.1450  29.5001
3.1460  29.5064
3.1470  29.5126
3.1480  29.5189
3.1490  29.5252
3.1500  29.5315
3.1510  29.5377
3.1520  29.5439
3.1530  29.5501
3.1540  29.5564
3.1550  29.5626
3.1560  29.5688
3.1570  29.5750
3.1580  29.5812
3.1590  29.5873
3.1600  29.5935
3.1610  29.5996
3.1620  29.6057
3.1630  29.6118
3.1640  29.6180
3.1650  29.6240
3.1660  29.6301
3.1670  29.6361
3.1680  29.6422
3.1690  29.6482
3.1700  29.6542
3.1710  29.6602
3.1720  29.6661
3.1730  29.6720
3.1740  29.6779
3.1750  29.6839
3.1760  29.6897
3.1770  29.6956
3.1780  29.7014
3.1790  29.7072
3.1800  29.7130
3.1810  29.7188
3.1820  29.7245
3.1830  29.7302
3.1840  29.7360
3.1850  29.7417
3.1860  29.7473
3.1870  29.7529
3.1880  29.7585
3.1890  29.7642
3.1900  29.7697
3.1910  29.7753
3.1920  29.7808
3.1930  29.7864
3.1940  29.7918
3.1950  29.7973
3.1960  29.8027
3.1970  29.8082
3.1980  29.8136
3.1990  29.8189
3.2000  29.8243
3.2010  29.8297
3.2020  29.8350
3.2030  29.8403
3.2040  29.8456
3.2050  29.8508
3.2060  29.8561
3.2070  29.8614
3.2080  29.8666
3.2090  29.8717
3.2100  29.8769
3.2110  29.8821
3.2120  29.8872
3.2130  29.8924
3.2140  29.8975
3.2150  29.9026
3.2160  29.9076
3.2170  29.9127
3.2180  29.9178
3.2190  29.9228
3.2200  29.9278
3.2210  29.9329
3.2220  29.9379
3.2230  29.9428
3.2240  29.9478
3.2250  29.9528
3.2260  29.9577
3.2270  29.9626
3.2280  29.9676
3.2290  29.9725
3.2300  29.9774
3.2310  29.9822
3.2320  29.9872
3.2330  29.9920
3.2340  29.9968
3.2350  30.0017
3.2360  30.0066
3.2370  30.0114
3.2380  30.0162
3.2390  30.0211
3.2400  30.0258
3.2410  30.0306
3.2420  30.0355
3.2430  30.0403
3.2440  30.0450
3.2450  30.0498
3.2460  30.0545
3.2470  30.0593
3.2480  30.0640
3.2490  30.0687
3.2500  30.0735
3.2510  30.0782
3.2520  30.0828
3.2530  30.0875
3.2540  30.0922
3.2550  30.0968
3.2560  30.1015
3.2570  30.1061
3.2580  30.1107
3.2590  30.1153
3.2600  30.1199
3.2610  30.1244
3.2620  30.1289
3.2630  30.1335
3.2640  30.1380
3.2650  30.1425
3.2660  30.1469
3.2670  30.1514
3.2680  30.1558
3.2690  30.1602
3.2700  30.1647
3.2710  30.1691
3.2720  30.1735
3.2730  30.1778
3.2740  30.1822
3.2750  30.1866
3.2760  30.1909
3.2770  30.1952
3.2780  30.1996
3.2790  30.2039
3.2800  30.2082
3.2810  30.2125
3.2820  30.2169
3.2830  30.2212
3.2840  30.2255
3.2850  30.2299
3.2860  30.2343
3.2870  30.2386
3.2880  30.2429
3.2890  30.2473
3.2900  30.2517
3.2910  30.2561
3.2920  30.2604
3.2930  30.2648
3.2940  30.2693
3.2950  30.2737
3.2960  30.2781
3.2970  30.2825
3.2980  30.2870
3.2990  30.2915
3.3000  30.2960
3.3010  30.3004
3.3020  30.3049
3.3030  30.3094
3.3040  30.3139
3.3050  30.3184
3.3060  30.3230
3.3070  30.3275
3.3080  30.3321
3.3090  30.3366
3.3100  30.3412
3.3110  30.3457
3.3120  30.3503
3.3130  30.3549
3.3140  30.3595
3.3150  30.3641
3.3160  30.3686
3.3170  30.3732
3.3180  30.3778
3.3190  30.3824
3.3200  30.3870
3.3210  30.3916
3.3220  30.3962
3.3230  30.4008
3.3240  30.4054
3.3250  30.4100
3.3260  30.4146
3.3270  30.4192
3.3280  30.4238
3.3290  30.4284
3.3300  30.4330
3.3310  30.4376
3.3320  30.4422
3.3330  30.4468
3.3340  30.4514
3.3350  30.4560
3.3360  30.4606
3.3370  30.4652
3.3380  30.4698
3.3390  30.4743
3.3400  30.4789
3.3410  30.4835
3.3420  30.4880
3.3430  30.4926
3.3440  30.4972
3.3450  30.5017
3.3460  30.5063
3.3470  30.5109
3.3480  30.5154
3.3490  30.5199
3.3500  30.5245
3.3510  30.5290
3.3520  30.5336
3.3530  30.5381
3.3540  30.5426
3.3550  30.5472
3.3560  30.5517
3.3570  30.5562
3.3580  30.5607
3.3590  30.5652
3.3600  30.5697
3.3610  30.5742
3.3620  30.5787
3.3630  30.5831
3.3640  30.5876
3.3650  30.5921
3.3660  30.5966
3.3670  30.6010
3.3680  30.6055
3.3690  30.6099
3.3700  30.6144
3.3710  30.6188
3.3720  30.6232
3.3730  30.6276
3.3740  30.6321
3.3750  30.6365
3.3760  30.6409
3.3770  30.6453
3.3780  30.6497
3.3790  30.6541
3.3800  30.6584
3.3810  30.6628
3.3820  30.6672
3.3830  30.6716
3.3840  30.6759
3.3850  30.6803
3.3860  30.6846
3.3870  30.6889
3.3880  30.6933
3.3890  30.6976
3.3900  30.7019
3.3910  30.7062
3.3920  30.7105
3.3930  30.7148
3.3940  30.7191
3.3950  30.7234
3.3960  30.7277
3.3970  30.7319
3.3980  30.7362
3.3990  30.7405
3.4000  30.7447
3.4010  30.7489
3.4020  30.7532
3.4030  30.7574
3.4040  30.7616
3.4050  30.7658
3.4060  30.7700
3.4070  30.7742
3.4080  30.7783
3.4090  30.7825
3.4100  30.7866
3.4110  30.7908
3.4120  30.7949
3.4130  30.7990
3.4140  30.8032
3.4150  30.8073
3.4160  30.8114
3.4170  30.8154
3.4180  30.8195
3.4190  30.8235
3.4200  30.8276
3.4210  30.8316
3.4220  30.8356
3.4230  30.8396
3.4240  30.8436
3.4250  30.8476
3.4260  30.8516
3.4270  30.8555
3.4280  30.8594
3.4290  30.8634
3.4300  30.8673
3.4310  30.8712
3.4320  30.8750
3.4330  30.8789
3.4340  30.8828
3.4350  30.8866
3.4360  30.8904
3.4370  30.8942
3.4380  30.8980
3.4390  30.9017
3.4400  30.9055
3.4410  30.9092
3.4420  30.9129
3.4430  30.9166
3.4440  30.9203
3.4450  30.9240
3.4460  30.9276
3.4470  30.9313
3.4480  30.9349
3.4490  30.9385
3.4500  30.9420
3.4510  30.9455
3.4520  30.9491
3.4530  30.9526
3.4540  30.9561
3.4550  30.9596
3.4560  30.9630
3.4570  30.9664
3.4580  30.9698
3.4590  30.9732
3.4600  30.9765
3.4610  30.9799
3.4620  30.9832
3.4630  30.9865
3.4640  30.9898
3.4650  30.9930
3.4660  30.9963
3.4670  30.9995
3.4680  31.0026
3.4690  31.0058
3.4700  31.0090
3.4710  31.0121
3.4720  31.0152
3.4730  31.0183
3.4740  31.0213
3.4750  31.0244
3.4760  31.0274
3.4770  31.0304
3.4780  31.0334
3.4790  31.0363
3.4800  31.0393
3.4810  31.0422
3.4820  31.0451
3.4830  31.0480
3.4840  31.0508
3.4850  31.0537
3.4860  31.0565
3.4870  31.0593
3.4880  31.0621
3.4890  31.0649
3.4900  31.0676
3.4910  31.0704
3.4920  31.0731
3.4930  31.0758
3.4940  31.0785
3.4950  31.0811
3.4960  31.0838
3.4970  31.0864
3.4980  31.0891
3.4990  31.0917
3.5000  31.0943
3.5010  31.0968
3.5020  31.0994
3.5030  31.1019
3.5040  31.1045
3.5050  31.1070
3.5060  31.1095
3.5070  31.1120
3.5080  31.1145
3.5090  31.1170
3.5100  31.1194
3.5110  31.1219
3.5120  31.1243
3.5130  31.1267
3.5140  31.1291
3.5150  31.1315
3.5160  31.1339
3.5170  31.1363
3.5180  31.1387
3.5190  31.1410
3.5200  31.1433
3.5210  31.1457
3.5220  31.1481
3.5230  31.1504
3.5240  31.1527
3.5250  31.1550
3.5260  31.1573
3.5270  31.1596
3.5280  31.1619
3.5290  31.1641
3.5300  31.1664
3.5310  31.1687
3.5320  31.1709
3.5330  31.1732
3.5340  31.1754
3.5350  31.1776
3.5360  31.1799
3.5370  31.1822
3.5380  31.1844
3.5390  31.1866
3.5400  31.1888
3.5410  31.1911
3.5420  31.1933
3.5430  31.1955
3.5440  31.1976
3.5450  31.1998
3.5460  31.2021
3.5470  31.2043
3.5480  31.2065
3.5490  31.2087
3.5500  31.2109
3.5510  31.2131
3.5520  31.2152
3.5530  31.2174
3.5540  31.2196
3.5550  31.2218
3.5560  31.2240
3.5570  31.2262
3.5580  31.2284
3.5590  31.2305
3.5600  31.2327
3.5610  31.2348
3.5620  31.2370
3.5630  31.2391
3.5640  31.2413
3.5650  31.2435
3.5660  31.2457
3.5670  31.2478
3.5680  31.2500
3.5690  31.2521
3.5700  31.2542
3.5710  31.2564
3.5720  31.2586
3.5730  31.2607
3.5740  31.2629
3.5750  31.2650
3.5760  31.2672
3.5770  31.2693
3.5780  31.2715
3.5790  31.2736
3.5800  31.2757
3.5810  31.2779
3.5820  31.2801
3.5830  31.2822
3.5840  31.2843
3.5850  31.2864
3.5860  31.2886
3.5870  31.2907
3.5880  31.2929
3.5890  31.2950
3.5900  31.2972
3.5910  31.2993
3.5920  31.3014
3.5930  31.3035
3.5940  31.3056
3.5950  31.3077
3.5960  31.3099
3.5970  31.3121
3.5980  31.3142
3.5990  31.3163
3.6000  31.3184
3.6010  31.3206
3.6020  31.3227
3.6030  31.3248
3.6040  31.3269
3.6050  31.3290
3.6060  31.3312
3.6070  31.3333
3.6080  31.3354
3.6090  31.3376
3.6100  31.3397
3.6110  31.3418
3.6120  31.3439
3.6130  31.3460
3.6140  31.3481
3.6150  31.3502
3.6160  31.3524
3.6170  31.3545
3.6180  31.3566
3.6190  31.3587
3.6200  31.3608
3.6210  31.3629
3.6220  31.3651
3.6230  31.3672
3.6240  31.3693
3.6250  31.3713
3.6260  31.3735
3.6270  31.3756
3.6280  31.3777
3.6290  31.3798
3.6300  31.3820
3.6310  31.3841
3.6320  31.3862
3.6330  31.3883
3.6340  31.3904
3.6350  31.3925
3.6360  31.3946
3.6370  31.3967
3.6380  31.3989
3.6390  31.4010
3.6400  31.4031
3.6410  31.4052
3.6420  31.4073
3.6430  31.4094
3.6440  31.4115
3.6450  31.4137
3.6460  31.4158
3.6470  31.4180
3.6480  31.4201
3.6490  31.4223
3.6500  31.4244
3.6510  31.4265
3.6520  31.4286
3.6530  31.4308
3.6540  31.4329
3.6550  31.4351
3.6560  31.4372
3.6570  31.4394
3.6580  31.4415
3.6590  31.4437
3.6600  31.4458
3.6610  31.4480
3.6620  31.4502
3.6630  31.4523
3.6640  31.4545
3.6650  31.4566
3.6660  31.4588
3.6670  31.4610
3.6680  31.4632
3.6690  31.4654
3.6700  31.4675
3.6710  31.4697
3.6720  31.4719
3.6730  31.4741
3.6740  31.4762
3.6750  31.4784
3.6760  31.4807
3.6770  31.4829
3.6780  31.4850
3.6790  31.4872
3.6800  31.4894
3.6810  31.4916
3.6820  31.4938
3.6830  31.4959
3.6840  31.4981
3.6850  31.5003
3.6860  31.5025
3.6870  31.5047
3.6880  31.5068
3.6890  31.5090
3.6900  31.5112
3.6910  31.5134
3.6920  31.5156
3.6930  31.5177
3.6940  31.5199
3.6950  31.5220
3.6960  31.5242
3.6970  31.5264
3.6980  31.5285
3.6990  31.5307
3.7000  31.5329
3.7010  31.5351
3.7020  31.5373
3.7030  31.5394
3.7040  31.5415
3.7050  31.5437
3.7060  31.5459
3.7070  31.5480
3.7080  31.5501
3.7090  31.5523
3.7100  31.5545
3.7110  31.5567
3.7120  31.5589
3.7130  31.5610
3.7140  31.5632
3.7150  31.5653
3.7160  31.5675
3.7170  31.5697
3.7180  31.5718
3.7190  31.5740
3.7200  31.5761
3.7210  31.5784
3.7220  31.5806
3.7230  31.5827
3.7240  31.5848
3.7250  31.5870
3.7260  31.5892
3.7270  31.5914
3.7280  31.5935
3.7290  31.5957
3.7300  31.5979
3.7310  31.6001
3.7320  31.6023
3.7330  31.6044
3.7340  31.6065
3.7350  31.6087
3.7360  31.6108
3.7370  31.6130
3.7380  31.6151
3.7390  31.6173
3.7400  31.6194
3.7410  31.6216
3.7420  31.6237
3.7430  31.6258
3.7440  31.6279
3.7450  31.6300
3.7460  31.6321
3.7470  31.6342
3.7480  31.6363
3.7490  31.6383
3.7500  31.6404
3.7510  31.6424
3.7520  31.6445
3.7530  31.6465
3.7540  31.6485
3.7550  31.6505
3.7560  31.6525
3.7570  31.6545
3.7580  31.6565
3.7590  31.6584
3.7600  31.6604
3.7610  31.6623
3.7620  31.6642
3.7630  31.6662
3.7640  31.6681
3.7650  31.6700
3.7660  31.6719
3.7670  31.6737
3.7680  31.6756
3.7690  31.6774
3.7700  31.6792
3.7710  31.6810
3.7720  31.6828
3.7730  31.6847
3.7740  31.6865
3.7750  31.6882
3.7760  31.6900
3.7770  31.6918
3.7780  31.6935
3.7790  31.6952
3.7800  31.6970
3.7810  31.6987
3.7820  31.7004
3.7830  31.7021
3.7840  31.7039
3.7850  31.7056
3.7860  31.7073
3.7870  31.7089
3.7880  31.7106
3.7890  31.7123
3.7900  31.7139
3.7910  31.7156
3.7920  31.7172
3.7930  31.7189
3.7940  31.7205
3.7950  31.7222
3.7960  31.7238
3.7970  31.7255
3.7980  31.7271
3.7990  31.7287
3.8000  31.7302
3.8010  31.7318
3.8020  31.7335
3.8030  31.7350
3.8040  31.7366
3.8050  31.7382
3.8060  31.7399
3.8070  31.7415
3.8080  31.7430
3.8090  31.7445
3.8100  31.7461
3.8110  31.7477
3.8120  31.7492
3.8130  31.7508
3.8140  31.7524
3.8150  31.7539
3.8160  31.7555
3.8170  31.7571
3.8180  31.7586
3.8190  31.7601
3.8200  31.7616
3.8210  31.7632
3.8220  31.7647
3.8230  31.7663
3.8240  31.7679
3.8250  31.7694
3.8260  31.7709
3.8270  31.7725
3.8280  31.7740
3.8290  31.7755
3.8300  31.7770
3.8310  31.7786
3.8320  31.7801
3.8330  31.7817
3.8340  31.7832
3.8350  31.7847
3.8360  31.7863
3.8370  31.7878
3.8380  31.7893
3.8390  31.7909
3.8400  31.7924
3.8410  31.7939
3.8420  31.7954
3.8430  31.7969
3.8440  31.7985
3.8450  31.8000
3.8460  31.8015
3.8470  31.8030
3.8480  31.8046
3.8490  31.8061
3.8500  31.8076
3.8510  31.8091
3.8520  31.8106
3.8530  31.8121
3.8540  31.8137
3.8550  31.8152
3.8560  31.8167
3.8570  31.8182
3.8580  31.8197
3.8590  31.8212
3.8600  31.8227
3.8610  31.8242
3.8620  31.8257
3.8630  31.8273
3.8640  31.8288
3.8650  31.8303
3.8660  31.8318
3.8670  31.8334
3.8680  31.8349
3.8690  31.8363
3.8700  31.8378
3.8710  31.8393
3.8720  31.8408
3.8730  31.8423
3.8740  31.8439
3.8750  31.8454
3.8760  31.8469
3.8770  31.8484
3.8780  31.8499
3.8790  31.8514
3.8800  31.8529
3.8810  31.8544
3.8820  31.8559
3.8830  31.8574
3.8840  31.8589
3.8850  31.8604
3.8860  31.8619
3.8870  31.8634
3.8880  31.8649
3.8890  31.8664
3.8900  31.8678
3.8910  31.8693
3.8920  31.8708
3.8930  31.8723
3.8940  31.8738
3.8950  31.8753
3.8960  31.8768
3.8970  31.8783
3.8980  31.8798
3.8990  31.8813
3.9000  31.8827
3.9010  31.8842
3.9020  31.8857
3.9030  31.8871
3.9040  31.8886
3.9050  31.8901
3.9060  31.8916
3.9070  31.8931
3.9080  31.8946
3.9090  31.8961
3.9100  31.8975
3.9110  31.8989
3.9120  31.9004
3.9130  31.9019
3.9140  31.9034
3.9150  31.9049
3.9160  31.9064
3.9170  31.9079
3.9180  31.9094
3.9190  31.9109
3.9200  31.9123
3.9210  31.9137
3.9220  31.9152
3.9230  31.9167
3.9240  31.9182
3.9250  31.9197
3.9260  31.9212
3.9270  31.9228
3.9280  31.9243
3.9290  31.9257
3.9300  31.9272
3.9310  31.9287
3.9320  31.9301
3.9330  31.9317
3.9340  31.9332
3.9350  31.9347
3.9360  31.9363
3.9370  31.9378
3.9380  31.9393
3.9390  31.9408
3.9400  31.9423
3.9410  31.9438
3.9420  31.9453
3.9430  31.9468
3.9440  31.9484
3.9450  31.9499
3.9460  31.9515
3.9470  31.9530
3.9480  31.9546
3.9490  31.9561
3.9500  31.9576
3.9510  31.9592
3.9520  31.9607
3.9530  31.9623
3.9540  31.9638
3.9550  31.9654
3.9560  31.9670
3.9570  31.9686
3.9580  31.9701
3.9590  31.9717
3.9600  31.9733
3.9610  31.9748
3.9620  31.9764
3.9630  31.9780
3.9640  31.9796
3.9650  31.9812
3.9660  31.9829
3.9670  31.9845
3.9680  31.9861
3.9690  31.9877
3.9700  31.9893
3.9710  31.9909
3.9720  31.9925
3.9730  31.9942
3.9740  31.9959
3.9750  31.9975
3.9760  31.9992
3.9770  32.0009
3.9780  32.0025
3.9790  32.0042
3.9800  32.0059
3.9810  32.0075
3.9820  32.0092
3.9830  32.0110
3.9840  32.0127
3.9850  32.0144
3.9860  32.0161
3.9870  32.0179
3.9880  32.0196
3.9890  32.0213
3.9900  32.0231
3.9910  32.0248
3.9920  32.0265
3.9930  32.0283
3.9940  32.0301
3.9950  32.0318
3.9960  32.0336
3.9970  32.0354
3.9980  32.0372
3.9990  32.0390
